0 0 0 0.30595238095238175280 0.05952380952380967316 0.05952380952380967316
0 0 1 0.00000000000000000000 0.00000000000000000000 0.00000000000000000000
0 0 2 0.00000000000000000000 0.00000000000000000000 0.00000000000000000000
0 0 3 0.00000000000000000000 0.00000000000000000000 0.00000000000000000000
0 0 4 0.00000000000000000000 0.00000000000000000000 0.00000000000000000000
0 0 5 0.00000000000000000000 0.00000000000000000000 0.00000000000000000000
0 1 0 0.00000000000000000000 0.00000000000000000000 0.00000000000000000000
0 1 1 0.03809523809523823745 0.03809523809523832072 0.01130952380952382486
0 1 2 0.00000000000000000000 0.00000000000000000000 0.00000000000000000000
0 1 3 0.00000000000000000000 0.00000000000000000000 0.00000000000000000000
0 1 4 0.00000000000000000000 0.00000000000000000000 0.00000000000000000000
0 1 5 0.00000000000000000000 0.00000000000000000000 0.00000000000000000000
0 2 0 0.00000000000000000000 0.00000000000000000000 0.00000000000000000000
0 2 1 0.00000000000000000000 0.00000000000000000000 0.00000000000000000000
0 2 2 0.03809523809523823745 0.01130952380952382486 0.03809523809523832072
0 2 3 0.00000000000000000000 0.00000000000000000000 0.00000000000000000000
0 2 4 0.00000000000000000000 0.00000000000000000000 0.00000000000000000000
0 2 5 0.00000000000000000000 0.00000000000000000000 0.00000000000000000000
0 3 0 0.14196428571428576504 -0.06964285714285711748 -0.03482142857142855874
0 3 1 0.58928571428571441260 0.06160714285714286031 0.06160714285714286031
0 3 2 0.00000000000000000000 0.00000000000000000000 0.00000000000000000000
0 3 3 0.00000000000000000000 0.00000000000000000000 0.00000000000000000000
0 3 4 0.00000000000000000000 0.00000000000000000000 0.00000000000000000000
0 3 5 0.00000000000000000000 0.00000000000000000000 0.00000000000000000000
0 4 0 -0.03482142857142853098 0.05892857142857155228 0.01339285714285712303
0 4 1 -0.21428571428571413504 -0.05089285714285712858 -0.03482142857142853098
0 4 2 0.00000000000000000000 0.00000000000000000000 0.00000000000000000000
0 4 3 0.00000000000000000000 0.00000000000000000000 0.00000000000000000000
0 4 4 0.00000000000000000000 0.00000000000000000000 0.00000000000000000000
0 4 5 0.00000000000000000000 0.00000000000000000000 0.00000000000000000000
0 5 0 0.00000000000000000000 0.00000000000000000000 0.00000000000000000000
0 5 1 -0.03482142857142853098 0.04553571428571429047 0.02678571428571424606
0 5 2 -0.03482142857142853098 0.05892857142857155228 0.01339285714285712303
0 5 3 0.00000000000000000000 0.00000000000000000000 0.00000000000000000000
0 5 4 0.00000000000000000000 0.00000000000000000000 0.00000000000000000000
0 5 5 0.00000000000000000000 0.00000000000000000000 0.00000000000000000000
0 6 0 0.00000000000000000000 0.00000000000000000000 0.00000000000000000000
0 6 1 -0.03482142857142853098 0.01339285714285712303 0.05892857142857155228
0 6 2 -0.03482142857142853098 0.02678571428571424606 0.04553571428571429047
0 6 3 0.00000000000000000000 0.00000000000000000000 0.00000000000000000000
0 6 4 0.00000000000000000000 0.00000000000000000000 0.00000000000000000000
0 6 5 0.00000000000000000000 0.00000000000000000000 0.00000000000000000000
0 7 0 -0.03482142857142853098 0.01339285714285712303 0.05892857142857155228
0 7 1 0.00000000000000000000 0.00000000000000000000 0.00000000000000000000
0 7 2 -0.21428571428571413504 -0.03482142857142853098 -0.05089285714285712858
0 7 3 0.00000000000000000000 0.00000000000000000000 0.00000000000000000000
0 7 4 0.00000000000000000000 0.00000000000000000000 0.00000000000000000000
0 7 5 0.00000000000000000000 0.00000000000000000000 0.00000000000000000000
0 8 0 0.14196428571428576504 -0.03482142857142855874 -0.06964285714285711748
0 8 1 0.00000000000000000000 0.00000000000000000000 0.00000000000000000000
0 8 2 0.58928571428571441260 0.06160714285714286031 0.06160714285714286031
0 8 3 0.00000000000000000000 0.00000000000000000000 0.00000000000000000000
0 8 4 0.00000000000000000000 0.00000000000000000000 0.00000000000000000000
0 8 5 0.00000000000000000000 0.00000000000000000000 0.00000000000000000000
0 9 0 -0.01607142857142859760 0.06428571428571427937 0.06428571428571427937
0 9 1 0.16071428571428586496 -0.01607142857142859760 -0.03214285714285719520
0 9 2 0.16071428571428586496 -0.03214285714285719520 -0.01607142857142859760
0 9 3 0.00000000000000000000 0.00000000000000000000 0.00000000000000000000
0 9 4 0.00000000000000000000 0.00000000000000000000 0.00000000000000000000
0 9 5 0.00000000000000000000 0.00000000000000000000 0.00000000000000000000
1 0 0 0.00000000000000000000 0.00000000000000000000 0.00000000000000000000
1 0 1 0.03809523809523823745 0.03809523809523832072 0.01130952380952382486
1 0 2 0.00000000000000000000 0.00000000000000000000 0.00000000000000000000
1 0 3 0.00000000000000000000 0.00000000000000000000 0.00000000000000000000
1 0 4 0.00000000000000000000 0.00000000000000000000 0.00000000000000000000
1 0 5 0.00000000000000000000 0.00000000000000000000 0.00000000000000000000
1 1 0 0.00000000000000000000 0.00000000000000000000 0.00000000000000000000
1 1 1 0.00000000000000000000 0.00000000000000000000 0.00000000000000000000
1 1 2 0.00000000000000000000 0.00000000000000000000 0.00000000000000000000
1 1 3 0.05952380952380967316 0.30595238095238175280 0.05952380952380967316
1 1 4 0.00000000000000000000 0.00000000000000000000 0.00000000000000000000
1 1 5 0.00000000000000000000 0.00000000000000000000 0.00000000000000000000
1 2 0 0.00000000000000000000 0.00000000000000000000 0.00000000000000000000
1 2 1 0.00000000000000000000 0.00000000000000000000 0.00000000000000000000
1 2 2 0.00000000000000000000 0.00000000000000000000 0.00000000000000000000
1 2 3 0.00000000000000000000 0.00000000000000000000 0.00000000000000000000
1 2 4 0.01130952380952382486 0.03809523809523823745 0.03809523809523832072
1 2 5 0.00000000000000000000 0.00000000000000000000 0.00000000000000000000
1 3 0 0.00000000000000000000 0.00000000000000000000 0.00000000000000000000
1 3 1 -0.05089285714285707307 -0.21428571428571419055 -0.03482142857142855874
1 3 2 0.00000000000000000000 0.00000000000000000000 0.00000000000000000000
1 3 3 0.05892857142857155228 -0.03482142857142855874 0.01339285714285715079
1 3 4 0.00000000000000000000 0.00000000000000000000 0.00000000000000000000
1 3 5 0.00000000000000000000 0.00000000000000000000 0.00000000000000000000
1 4 0 0.00000000000000000000 0.00000000000000000000 0.00000000000000000000
1 4 1 0.06160714285714286031 0.58928571428571441260 0.06160714285714286031
1 4 2 0.00000000000000000000 0.00000000000000000000 0.00000000000000000000
1 4 3 -0.06964285714285711748 0.14196428571428576504 -0.03482142857142855874
1 4 4 0.00000000000000000000 0.00000000000000000000 0.00000000000000000000
1 4 5 0.00000000000000000000 0.00000000000000000000 0.00000000000000000000
1 5 0 0.00000000000000000000 0.00000000000000000000 0.00000000000000000000
1 5 1 0.00000000000000000000 0.00000000000000000000 0.00000000000000000000
1 5 2 0.00000000000000000000 0.00000000000000000000 0.00000000000000000000
1 5 3 -0.03482142857142855874 0.14196428571428576504 -0.06964285714285711748
1 5 4 0.06160714285714286031 0.58928571428571441260 0.06160714285714286031
1 5 5 0.00000000000000000000 0.00000000000000000000 0.00000000000000000000
1 6 0 0.00000000000000000000 0.00000000000000000000 0.00000000000000000000
1 6 1 0.00000000000000000000 0.00000000000000000000 0.00000000000000000000
1 6 2 0.00000000000000000000 0.00000000000000000000 0.00000000000000000000
1 6 3 0.01339285714285712303 -0.03482142857142853098 0.05892857142857155228
1 6 4 -0.03482142857142853098 -0.21428571428571413504 -0.05089285714285712858
1 6 5 0.00000000000000000000 0.00000000000000000000 0.00000000000000000000
1 7 0 0.00000000000000000000 0.00000000000000000000 0.00000000000000000000
1 7 1 0.01339285714285712303 -0.03482142857142853098 0.05892857142857155228
1 7 2 0.00000000000000000000 0.00000000000000000000 0.00000000000000000000
1 7 3 0.00000000000000000000 0.00000000000000000000 0.00000000000000000000
1 7 4 0.02678571428571424606 -0.03482142857142853098 0.04553571428571429047
1 7 5 0.00000000000000000000 0.00000000000000000000 0.00000000000000000000
1 8 0 0.00000000000000000000 0.00000000000000000000 0.00000000000000000000
1 8 1 0.04553571428571429047 -0.03482142857142855874 0.02678571428571430157
1 8 2 0.00000000000000000000 0.00000000000000000000 0.00000000000000000000
1 8 3 0.00000000000000000000 0.00000000000000000000 0.00000000000000000000
1 8 4 0.05892857142857155228 -0.03482142857142855874 0.01339285714285715079
1 8 5 0.00000000000000000000 0.00000000000000000000 0.00000000000000000000
1 9 0 0.00000000000000000000 0.00000000000000000000 0.00000000000000000000
1 9 1 -0.01607142857142859760 0.16071428571428586496 -0.03214285714285719520
1 9 2 0.00000000000000000000 0.00000000000000000000 0.00000000000000000000
1 9 3 0.06428571428571427937 -0.01607142857142859760 0.06428571428571427937
1 9 4 -0.03214285714285719520 0.16071428571428586496 -0.01607142857142859760
1 9 5 0.00000000000000000000 0.00000000000000000000 0.00000000000000000000
2 0 0 0.00000000000000000000 0.00000000000000000000 0.00000000000000000000
2 0 1 0.00000000000000000000 0.00000000000000000000 0.00000000000000000000
2 0 2 0.03809523809523823745 0.01130952380952382486 0.03809523809523832072
2 0 3 0.00000000000000000000 0.00000000000000000000 0.00000000000000000000
2 0 4 0.00000000000000000000 0.00000000000000000000 0.00000000000000000000
2 0 5 0.00000000000000000000 0.00000000000000000000 0.00000000000000000000
2 1 0 0.00000000000000000000 0.00000000000000000000 0.00000000000000000000
2 1 1 0.00000000000000000000 0.00000000000000000000 0.00000000000000000000
2 1 2 0.00000000000000000000 0.00000000000000000000 0.00000000000000000000
2 1 3 0.00000000000000000000 0.00000000000000000000 0.00000000000000000000
2 1 4 0.01130952380952382486 0.03809523809523823745 0.03809523809523832072
2 1 5 0.00000000000000000000 0.00000000000000000000 0.00000000000000000000
2 2 0 0.00000000000000000000 0.00000000000000000000 0.00000000000000000000
2 2 1 0.00000000000000000000 0.00000000000000000000 0.00000000000000000000
2 2 2 0.00000000000000000000 0.00000000000000000000 0.00000000000000000000
2 2 3 0.00000000000000000000 0.00000000000000000000 0.00000000000000000000
2 2 4 0.00000000000000000000 0.00000000000000000000 0.00000000000000000000
2 2 5 0.05952380952380967316 0.05952380952380967316 0.30595238095238175280
2 3 0 0.00000000000000000000 0.00000000000000000000 0.00000000000000000000
2 3 1 0.00000000000000000000 0.00000000000000000000 0.00000000000000000000
2 3 2 0.04553571428571429047 0.02678571428571430157 -0.03482142857142855874
2 3 3 0.00000000000000000000 0.00000000000000000000 0.00000000000000000000
2 3 4 0.05892857142857155228 0.01339285714285715079 -0.03482142857142855874
2 3 5 0.00000000000000000000 0.00000000000000000000 0.00000000000000000000
2 4 0 0.00000000000000000000 0.00000000000000000000 0.00000000000000000000
2 4 1 0.00000000000000000000 0.00000000000000000000 0.00000000000000000000
2 4 2 0.01339285714285715079 0.05892857142857155228 -0.03482142857142855874
2 4 3 0.00000000000000000000 0.00000000000000000000 0.00000000000000000000
2 4 4 0.02678571428571430157 0.04553571428571429047 -0.03482142857142855874
2 4 5 0.00000000000000000000 0.00000000000000000000 0.00000000000000000000
2 5 0 0.00000000000000000000 0.00000000000000000000 0.00000000000000000000
2 5 1 0.00000000000000000000 0.00000000000000000000 0.00000000000000000000
2 5 2 0.00000000000000000000 0.00000000000000000000 0.00000000000000000000
2 5 3 0.00000000000000000000 0.00000000000000000000 0.00000000000000000000
2 5 4 -0.03482142857142855874 -0.05089285714285707307 -0.21428571428571419055
2 5 5 0.01339285714285715079 0.05892857142857155228 -0.03482142857142855874
2 6 0 0.00000000000000000000 0.00000000000000000000 0.00000000000000000000
2 6 1 0.00000000000000000000 0.00000000000000000000 0.00000000000000000000
2 6 2 0.00000000000000000000 0.00000000000000000000 0.00000000000000000000
2 6 3 0.00000000000000000000 0.00000000000000000000 0.00000000000000000000
2 6 4 0.06160714285714286031 0.06160714285714286031 0.58928571428571441260
2 6 5 -0.03482142857142855874 -0.06964285714285711748 0.14196428571428576504
2 7 0 0.00000000000000000000 0.00000000000000000000 0.00000000000000000000
2 7 1 0.00000000000000000000 0.00000000000000000000 0.00000000000000000000
2 7 2 0.06160714285714286031 0.06160714285714286031 0.58928571428571441260
2 7 3 0.00000000000000000000 0.00000000000000000000 0.00000000000000000000
2 7 4 0.00000000000000000000 0.00000000000000000000 0.00000000000000000000
2 7 5 -0.06964285714285711748 -0.03482142857142855874 0.14196428571428576504
2 8 0 0.00000000000000000000 0.00000000000000000000 0.00000000000000000000
2 8 1 0.00000000000000000000 0.00000000000000000000 0.00000000000000000000
2 8 2 -0.05089285714285707307 -0.03482142857142855874 -0.21428571428571419055
2 8 3 0.00000000000000000000 0.00000000000000000000 0.00000000000000000000
2 8 4 0.00000000000000000000 0.00000000000000000000 0.00000000000000000000
2 8 5 0.05892857142857155228 0.01339285714285715079 -0.03482142857142855874
2 9 0 0.00000000000000000000 0.00000000000000000000 0.00000000000000000000
2 9 1 0.00000000000000000000 0.00000000000000000000 0.00000000000000000000
2 9 2 -0.01607142857142859760 -0.03214285714285719520 0.16071428571428586496
2 9 3 0.00000000000000000000 0.00000000000000000000 0.00000000000000000000
2 9 4 -0.03214285714285719520 -0.01607142857142859760 0.16071428571428586496
2 9 5 0.06428571428571427937 0.06428571428571427937 -0.01607142857142859760
3 0 0 0.14196428571428576504 -0.06964285714285711748 -0.03482142857142855874
3 0 1 0.58928571428571441260 0.06160714285714286031 0.06160714285714286031
3 0 2 0.00000000000000000000 0.00000000000000000000 0.00000000000000000000
3 0 3 0.00000000000000000000 0.00000000000000000000 0.00000000000000000000
3 0 4 0.00000000000000000000 0.00000000000000000000 0.00000000000000000000
3 0 5 0.00000000000000000000 0.00000000000000000000 0.00000000000000000000
3 1 0 0.00000000000000000000 0.00000000000000000000 0.00000000000000000000
3 1 1 -0.05089285714285707307 -0.21428571428571419055 -0.03482142857142855874
3 1 2 0.00000000000000000000 0.00000000000000000000 0.00000000000000000000
3 1 3 0.05892857142857155228 -0.03482142857142855874 0.01339285714285715079
3 1 4 0.00000000000000000000 0.00000000000000000000 0.00000000000000000000
3 1 5 0.00000000000000000000 0.00000000000000000000 0.00000000000000000000
3 2 0 0.00000000000000000000 0.00000000000000000000 0.00000000000000000000
3 2 1 0.00000000000000000000 0.00000000000000000000 0.00000000000000000000
3 2 2 0.04553571428571429047 0.02678571428571430157 -0.03482142857142855874
3 2 3 0.00000000000000000000 0.00000000000000000000 0.00000000000000000000
3 2 4 0.05892857142857155228 0.01339285714285715079 -0.03482142857142855874
3 2 5 0.00000000000000000000 0.00000000000000000000 0.00000000000000000000
3 3 0 0.72321428571428569843 0.72321428571428580945 0.24107142857142860315
3 3 1 1.10892857142857148567 0.38571428571428589827 0.19285714285714294913
3 3 2 0.00000000000000000000 0.00000000000000000000 0.00000000000000000000
3 3 3 1.30178571428571454582 0.19285714285714294913 0.19285714285714294913
3 3 4 0.00000000000000000000 0.00000000000000000000 0.00000000000000000000
3 3 5 0.00000000000000000000 0.00000000000000000000 0.00000000000000000000
3 4 0 0.02410714285714288252 -0.28928571428571414614 -0.07232142857142853654
3 4 1 0.31339285714285725071 0.31339285714285725071 0.04821428571428576504
3 4 2 0.00000000000000000000 0.00000000000000000000 0.00000000000000000000
3 4 3 -0.28928571428571414614 0.02410714285714288252 -0.07232142857142853654
3 4 4 0.00000000000000000000 0.00000000000000000000 0.00000000000000000000
3 4 5 0.00000000000000000000 0.00000000000000000000 0.00000000000000000000
3 5 0 0.00000000000000000000 0.00000000000000000000 0.00000000000000000000
3 5 1 0.07232142857142859205 -0.14464285714285707307 -0.09642857142857141906
3 5 2 0.02410714285714288252 -0.28928571428571414614 -0.07232142857142853654
3 5 3 -0.07232142857142853654 -0.04821428571428570953 -0.04821428571428570953
3 5 4 -0.07232142857142853654 -0.07232142857142853654 -0.02410714285714285476
3 5 5 0.00000000000000000000 0.00000000000000000000 0.00000000000000000000
3 6 0 0.00000000000000000000 0.00000000000000000000 0.00000000000000000000
3 6 1 -0.04821428571428570953 -0.04821428571428570953 -0.07232142857142853654
3 6 2 -0.09642857142857141906 -0.14464285714285707307 -0.09642857142857141906
3 6 3 -0.07232142857142853654 -0.02410714285714285476 -0.07232142857142853654
3 6 4 -0.07232142857142853654 -0.04821428571428570953 -0.04821428571428570953
3 6 5 0.00000000000000000000 0.00000000000000000000 0.00000000000000000000
3 7 0 -0.04821428571428570953 -0.04821428571428570953 -0.07232142857142853654
3 7 1 -0.07232142857142853654 -0.02410714285714285476 -0.07232142857142853654
3 7 2 -0.14464285714285707307 -0.09642857142857141906 0.07232142857142859205
3 7 3 0.00000000000000000000 0.00000000000000000000 0.00000000000000000000
3 7 4 -0.28928571428571414614 -0.07232142857142853654 0.02410714285714288252
3 7 5 0.00000000000000000000 0.00000000000000000000 0.00000000000000000000
3 8 0 0.36160714285714284921 0.24107142857142860315 0.24107142857142860315
3 8 1 0.55446428571428574283 0.09642857142857147457 0.19285714285714294913
3 8 2 0.55446428571428574283 0.19285714285714294913 0.09642857142857147457
3 8 3 0.00000000000000000000 0.00000000000000000000 0.00000000000000000000
3 8 4 1.30178571428571454582 0.19285714285714294913 0.19285714285714294913
3 8 5 0.00000000000000000000 0.00000000000000000000 0.00000000000000000000
3 9 0 0.24107142857142860315 -0.14464285714285707307 -0.09642857142857141906
3 9 1 0.62678571428571427937 0.19285714285714283811 0.19285714285714283811
3 9 2 1.06071428571428572063 0.72321428571428580945 0.24107142857142860315
3 9 3 0.72321428571428580945 0.09642857142857141906 0.19285714285714283811
3 9 4 0.72321428571428580945 0.19285714285714283811 0.09642857142857141906
3 9 5 0.00000000000000000000 0.00000000000000000000 0.00000000000000000000
4 0 0 -0.03482142857142853098 0.05892857142857155228 0.01339285714285712303
4 0 1 -0.21428571428571413504 -0.05089285714285712858 -0.03482142857142853098
4 0 2 0.00000000000000000000 0.00000000000000000000 0.00000000000000000000
4 0 3 0.00000000000000000000 0.00000000000000000000 0.00000000000000000000
4 0 4 0.00000000000000000000 0.00000000000000000000 0.00000000000000000000
4 0 5 0.00000000000000000000 0.00000000000000000000 0.00000000000000000000
4 1 0 0.00000000000000000000 0.00000000000000000000 0.00000000000000000000
4 1 1 0.06160714285714286031 0.58928571428571441260 0.06160714285714286031
4 1 2 0.00000000000000000000 0.00000000000000000000 0.00000000000000000000
4 1 3 -0.06964285714285711748 0.14196428571428576504 -0.03482142857142855874
4 1 4 0.00000000000000000000 0.00000000000000000000 0.00000000000000000000
4 1 5 0.00000000000000000000 0.00000000000000000000 0.00000000000000000000
4 2 0 0.00000000000000000000 0.00000000000000000000 0.00000000000000000000
4 2 1 0.00000000000000000000 0.00000000000000000000 0.00000000000000000000
4 2 2 0.01339285714285715079 0.05892857142857155228 -0.03482142857142855874
4 2 3 0.00000000000000000000 0.00000000000000000000 0.00000000000000000000
4 2 4 0.02678571428571430157 0.04553571428571429047 -0.03482142857142855874
4 2 5 0.00000000000000000000 0.00000000000000000000 0.00000000000000000000
4 3 0 0.02410714285714288252 -0.28928571428571414614 -0.07232142857142853654
4 3 1 0.31339285714285725071 0.31339285714285725071 0.04821428571428576504
4 3 2 0.00000000000000000000 0.00000000000000000000 0.00000000000000000000
4 3 3 -0.28928571428571414614 0.02410714285714288252 -0.07232142857142853654
4 3 4 0.00000000000000000000 0.00000000000000000000 0.00000000000000000000
4 3 5 0.00000000000000000000 0.00000000000000000000 0.00000000000000000000
4 4 0 0.19285714285714294913 1.30178571428571454582 0.19285714285714294913
4 4 1 0.38571428571428589827 1.10892857142857148567 0.19285714285714294913
4 4 2 0.00000000000000000000 0.00000000000000000000 0.00000000000000000000
4 4 3 0.72321428571428580945 0.72321428571428569843 0.24107142857142860315
4 4 4 0.00000000000000000000 0.00000000000000000000 0.00000000000000000000
4 4 5 0.00000000000000000000 0.00000000000000000000 0.00000000000000000000
4 5 0 0.00000000000000000000 0.00000000000000000000 0.00000000000000000000
4 5 1 0.09642857142857147457 0.55446428571428574283 0.19285714285714294913
4 5 2 0.19285714285714294913 1.30178571428571454582 0.19285714285714294913
4 5 3 0.24107142857142860315 0.36160714285714284921 0.24107142857142860315
4 5 4 0.19285714285714294913 0.55446428571428574283 0.09642857142857147457
4 5 5 0.00000000000000000000 0.00000000000000000000 0.00000000000000000000
4 6 0 0.00000000000000000000 0.00000000000000000000 0.00000000000000000000
4 6 1 -0.02410714285714285476 -0.07232142857142853654 -0.07232142857142853654
4 6 2 -0.07232142857142853654 -0.28928571428571414614 0.02410714285714288252
4 6 3 -0.04821428571428570953 -0.04821428571428570953 -0.07232142857142853654
4 6 4 -0.09642857142857141906 -0.14464285714285707307 0.07232142857142859205
4 6 5 0.00000000000000000000 0.00000000000000000000 0.00000000000000000000
4 7 0 -0.02410714285714285476 -0.07232142857142853654 -0.07232142857142853654
4 7 1 -0.04821428571428570953 -0.04821428571428570953 -0.07232142857142853654
4 7 2 -0.04821428571428570953 -0.07232142857142853654 -0.04821428571428570953
4 7 3 0.00000000000000000000 0.00000000000000000000 0.00000000000000000000
4 7 4 -0.14464285714285707307 -0.09642857142857141906 -0.09642857142857141906
4 7 5 0.00000000000000000000 0.00000000000000000000 0.00000000000000000000
4 8 0 -0.04821428571428570953 -0.07232142857142853654 -0.04821428571428570953
4 8 1 -0.14464285714285707307 0.07232142857142859205 -0.09642857142857141906
4 8 2 -0.07232142857142853654 -0.07232142857142853654 -0.02410714285714285476
4 8 3 0.00000000000000000000 0.00000000000000000000 0.00000000000000000000
4 8 4 -0.28928571428571414614 0.02410714285714288252 -0.07232142857142853654
4 8 5 0.00000000000000000000 0.00000000000000000000 0.00000000000000000000
4 9 0 0.09642857142857141906 0.72321428571428580945 0.19285714285714283811
4 9 1 0.19285714285714283811 0.62678571428571427937 0.19285714285714283811
4 9 2 0.19285714285714283811 0.72321428571428580945 0.09642857142857141906
4 9 3 -0.14464285714285707307 0.24107142857142860315 -0.09642857142857141906
4 9 4 0.72321428571428580945 1.06071428571428572063 0.24107142857142860315
4 9 5 0.00000000000000000000 0.00000000000000000000 0.00000000000000000000
5 0 0 0.00000000000000000000 0.00000000000000000000 0.00000000000000000000
5 0 1 -0.03482142857142853098 0.04553571428571429047 0.02678571428571424606
5 0 2 -0.03482142857142853098 0.05892857142857155228 0.01339285714285712303
5 0 3 0.00000000000000000000 0.00000000000000000000 0.00000000000000000000
5 0 4 0.00000000000000000000 0.00000000000000000000 0.00000000000000000000
5 0 5 0.00000000000000000000 0.00000000000000000000 0.00000000000000000000
5 1 0 0.00000000000000000000 0.00000000000000000000 0.00000000000000000000
5 1 1 0.00000000000000000000 0.00000000000000000000 0.00000000000000000000
5 1 2 0.00000000000000000000 0.00000000000000000000 0.00000000000000000000
5 1 3 -0.03482142857142855874 0.14196428571428576504 -0.06964285714285711748
5 1 4 0.06160714285714286031 0.58928571428571441260 0.06160714285714286031
5 1 5 0.00000000000000000000 0.00000000000000000000 0.00000000000000000000
5 2 0 0.00000000000000000000 0.00000000000000000000 0.00000000000000000000
5 2 1 0.00000000000000000000 0.00000000000000000000 0.00000000000000000000
5 2 2 0.00000000000000000000 0.00000000000000000000 0.00000000000000000000
5 2 3 0.00000000000000000000 0.00000000000000000000 0.00000000000000000000
5 2 4 -0.03482142857142855874 -0.05089285714285707307 -0.21428571428571419055
5 2 5 0.01339285714285715079 0.05892857142857155228 -0.03482142857142855874
5 3 0 0.00000000000000000000 0.00000000000000000000 0.00000000000000000000
5 3 1 0.07232142857142859205 -0.14464285714285707307 -0.09642857142857141906
5 3 2 0.02410714285714288252 -0.28928571428571414614 -0.07232142857142853654
5 3 3 -0.07232142857142853654 -0.04821428571428570953 -0.04821428571428570953
5 3 4 -0.07232142857142853654 -0.07232142857142853654 -0.02410714285714285476
5 3 5 0.00000000000000000000 0.00000000000000000000 0.00000000000000000000
5 4 0 0.00000000000000000000 0.00000000000000000000 0.00000000000000000000
5 4 1 0.09642857142857147457 0.55446428571428574283 0.19285714285714294913
5 4 2 0.19285714285714294913 1.30178571428571454582 0.19285714285714294913
5 4 3 0.24107142857142860315 0.36160714285714284921 0.24107142857142860315
5 4 4 0.19285714285714294913 0.55446428571428574283 0.09642857142857147457
5 4 5 0.00000000000000000000 0.00000000000000000000 0.00000000000000000000
5 5 0 0.00000000000000000000 0.00000000000000000000 0.00000000000000000000
5 5 1 0.00000000000000000000 0.00000000000000000000 0.00000000000000000000
5 5 2 0.00000000000000000000 0.00000000000000000000 0.00000000000000000000
5 5 3 0.24107142857142860315 0.72321428571428569843 0.72321428571428580945
5 5 4 0.19285714285714294913 1.10892857142857148567 0.38571428571428589827
5 5 5 0.19285714285714294913 1.30178571428571454582 0.19285714285714294913
5 6 0 0.00000000000000000000 0.00000000000000000000 0.00000000000000000000
5 6 1 0.00000000000000000000 0.00000000000000000000 0.00000000000000000000
5 6 2 0.00000000000000000000 0.00000000000000000000 0.00000000000000000000
5 6 3 -0.07232142857142853654 0.02410714285714288252 -0.28928571428571414614
5 6 4 0.04821428571428576504 0.31339285714285725071 0.31339285714285725071
5 6 5 -0.07232142857142853654 -0.28928571428571414614 0.02410714285714288252
5 7 0 0.00000000000000000000 0.00000000000000000000 0.00000000000000000000
5 7 1 -0.07232142857142853654 0.02410714285714288252 -0.28928571428571414614
5 7 2 -0.02410714285714285476 -0.07232142857142853654 -0.07232142857142853654
5 7 3 0.00000000000000000000 0.00000000000000000000 0.00000000000000000000
5 7 4 -0.09642857142857141906 0.07232142857142859205 -0.14464285714285707307
5 7 5 -0.04821428571428570953 -0.07232142857142853654 -0.04821428571428570953
5 8 0 0.00000000000000000000 0.00000000000000000000 0.00000000000000000000
5 8 1 -0.09642857142857141906 -0.09642857142857141906 -0.14464285714285707307
5 8 2 -0.04821428571428570953 -0.07232142857142853654 -0.04821428571428570953
5 8 3 0.00000000000000000000 0.00000000000000000000 0.00000000000000000000
5 8 4 -0.07232142857142853654 -0.04821428571428570953 -0.04821428571428570953
5 8 5 -0.07232142857142853654 -0.07232142857142853654 -0.02410714285714285476
5 9 0 0.00000000000000000000 0.00000000000000000000 0.00000000000000000000
5 9 1 0.24107142857142860315 1.06071428571428572063 0.72321428571428580945
5 9 2 0.09642857142857141906 0.72321428571428580945 0.19285714285714283811
5 9 3 -0.09642857142857141906 0.24107142857142860315 -0.14464285714285707307
5 9 4 0.19285714285714283811 0.62678571428571427937 0.19285714285714283811
5 9 5 0.19285714285714283811 0.72321428571428580945 0.09642857142857141906
6 0 0 0.00000000000000000000 0.00000000000000000000 0.00000000000000000000
6 0 1 -0.03482142857142853098 0.01339285714285712303 0.05892857142857155228
6 0 2 -0.03482142857142853098 0.02678571428571424606 0.04553571428571429047
6 0 3 0.00000000000000000000 0.00000000000000000000 0.00000000000000000000
6 0 4 0.00000000000000000000 0.00000000000000000000 0.00000000000000000000
6 0 5 0.00000000000000000000 0.00000000000000000000 0.00000000000000000000
6 1 0 0.00000000000000000000 0.00000000000000000000 0.00000000000000000000
6 1 1 0.00000000000000000000 0.00000000000000000000 0.00000000000000000000
6 1 2 0.00000000000000000000 0.00000000000000000000 0.00000000000000000000
6 1 3 0.01339285714285712303 -0.03482142857142853098 0.05892857142857155228
6 1 4 -0.03482142857142853098 -0.21428571428571413504 -0.05089285714285712858
6 1 5 0.00000000000000000000 0.00000000000000000000 0.00000000000000000000
6 2 0 0.00000000000000000000 0.00000000000000000000 0.00000000000000000000
6 2 1 0.00000000000000000000 0.00000000000000000000 0.00000000000000000000
6 2 2 0.00000000000000000000 0.00000000000000000000 0.00000000000000000000
6 2 3 0.00000000000000000000 0.00000000000000000000 0.00000000000000000000
6 2 4 0.06160714285714286031 0.06160714285714286031 0.58928571428571441260
6 2 5 -0.03482142857142855874 -0.06964285714285711748 0.14196428571428576504
6 3 0 0.00000000000000000000 0.00000000000000000000 0.00000000000000000000
6 3 1 -0.04821428571428570953 -0.04821428571428570953 -0.07232142857142853654
6 3 2 -0.09642857142857141906 -0.14464285714285707307 -0.09642857142857141906
6 3 3 -0.07232142857142853654 -0.02410714285714285476 -0.07232142857142853654
6 3 4 -0.07232142857142853654 -0.04821428571428570953 -0.04821428571428570953
6 3 5 0.00000000000000000000 0.00000000000000000000 0.00000000000000000000
6 4 0 0.00000000000000000000 0.00000000000000000000 0.00000000000000000000
6 4 1 -0.02410714285714285476 -0.07232142857142853654 -0.07232142857142853654
6 4 2 -0.07232142857142853654 -0.28928571428571414614 0.02410714285714288252
6 4 3 -0.04821428571428570953 -0.04821428571428570953 -0.07232142857142853654
6 4 4 -0.09642857142857141906 -0.14464285714285707307 0.07232142857142859205
6 4 5 0.00000000000000000000 0.00000000000000000000 0.00000000000000000000
6 5 0 0.00000000000000000000 0.00000000000000000000 0.00000000000000000000
6 5 1 0.00000000000000000000 0.00000000000000000000 0.00000000000000000000
6 5 2 0.00000000000000000000 0.00000000000000000000 0.00000000000000000000
6 5 3 -0.07232142857142853654 0.02410714285714288252 -0.28928571428571414614
6 5 4 0.04821428571428576504 0.31339285714285725071 0.31339285714285725071
6 5 5 -0.07232142857142853654 -0.28928571428571414614 0.02410714285714288252
6 6 0 0.00000000000000000000 0.00000000000000000000 0.00000000000000000000
6 6 1 0.00000000000000000000 0.00000000000000000000 0.00000000000000000000
6 6 2 0.00000000000000000000 0.00000000000000000000 0.00000000000000000000
6 6 3 0.19285714285714294913 0.19285714285714294913 1.30178571428571454582
6 6 4 0.19285714285714294913 0.38571428571428589827 1.10892857142857148567
6 6 5 0.24107142857142860315 0.72321428571428580945 0.72321428571428569843
6 7 0 0.00000000000000000000 0.00000000000000000000 0.00000000000000000000
6 7 1 0.19285714285714294913 0.19285714285714294913 1.30178571428571454582
6 7 2 0.09642857142857147457 0.19285714285714294913 0.55446428571428574283
6 7 3 0.00000000000000000000 0.00000000000000000000 0.00000000000000000000
6 7 4 0.19285714285714294913 0.09642857142857147457 0.55446428571428574283
6 7 5 0.24107142857142860315 0.24107142857142860315 0.36160714285714284921
6 8 0 0.00000000000000000000 0.00000000000000000000 0.00000000000000000000
6 8 1 0.02410714285714288252 -0.07232142857142853654 -0.28928571428571414614
6 8 2 0.07232142857142859205 -0.09642857142857141906 -0.14464285714285707307
6 8 3 0.00000000000000000000 0.00000000000000000000 0.00000000000000000000
6 8 4 -0.07232142857142853654 -0.02410714285714285476 -0.07232142857142853654
6 8 5 -0.07232142857142853654 -0.04821428571428570953 -0.04821428571428570953
6 9 0 0.00000000000000000000 0.00000000000000000000 0.00000000000000000000
6 9 1 0.09642857142857141906 0.19285714285714283811 0.72321428571428580945
6 9 2 0.24107142857142860315 0.72321428571428580945 1.06071428571428572063
6 9 3 0.19285714285714283811 0.09642857142857141906 0.72321428571428580945
6 9 4 0.19285714285714283811 0.19285714285714283811 0.62678571428571427937
6 9 5 -0.09642857142857141906 -0.14464285714285707307 0.24107142857142860315
7 0 0 -0.03482142857142853098 0.01339285714285712303 0.05892857142857155228
7 0 1 0.00000000000000000000 0.00000000000000000000 0.00000000000000000000
7 0 2 -0.21428571428571413504 -0.03482142857142853098 -0.05089285714285712858
7 0 3 0.00000000000000000000 0.00000000000000000000 0.00000000000000000000
7 0 4 0.00000000000000000000 0.00000000000000000000 0.00000000000000000000
7 0 5 0.00000000000000000000 0.00000000000000000000 0.00000000000000000000
7 1 0 0.00000000000000000000 0.00000000000000000000 0.00000000000000000000
7 1 1 0.01339285714285712303 -0.03482142857142853098 0.05892857142857155228
7 1 2 0.00000000000000000000 0.00000000000000000000 0.00000000000000000000
7 1 3 0.00000000000000000000 0.00000000000000000000 0.00000000000000000000
7 1 4 0.02678571428571424606 -0.03482142857142853098 0.04553571428571429047
7 1 5 0.00000000000000000000 0.00000000000000000000 0.00000000000000000000
7 2 0 0.00000000000000000000 0.00000000000000000000 0.00000000000000000000
7 2 1 0.00000000000000000000 0.00000000000000000000 0.00000000000000000000
7 2 2 0.06160714285714286031 0.06160714285714286031 0.58928571428571441260
7 2 3 0.00000000000000000000 0.00000000000000000000 0.00000000000000000000
7 2 4 0.00000000000000000000 0.00000000000000000000 0.00000000000000000000
7 2 5 -0.06964285714285711748 -0.03482142857142855874 0.14196428571428576504
7 3 0 -0.04821428571428570953 -0.04821428571428570953 -0.07232142857142853654
7 3 1 -0.07232142857142853654 -0.02410714285714285476 -0.07232142857142853654
7 3 2 -0.14464285714285707307 -0.09642857142857141906 0.07232142857142859205
7 3 3 0.00000000000000000000 0.00000000000000000000 0.00000000000000000000
7 3 4 -0.28928571428571414614 -0.07232142857142853654 0.02410714285714288252
7 3 5 0.00000000000000000000 0.00000000000000000000 0.00000000000000000000
7 4 0 -0.02410714285714285476 -0.07232142857142853654 -0.07232142857142853654
7 4 1 -0.04821428571428570953 -0.04821428571428570953 -0.07232142857142853654
7 4 2 -0.04821428571428570953 -0.07232142857142853654 -0.04821428571428570953
7 4 3 0.00000000000000000000 0.00000000000000000000 0.00000000000000000000
7 4 4 -0.14464285714285707307 -0.09642857142857141906 -0.09642857142857141906
7 4 5 0.00000000000000000000 0.00000000000000000000 0.00000000000000000000
7 5 0 0.00000000000000000000 0.00000000000000000000 0.00000000000000000000
7 5 1 -0.07232142857142853654 0.02410714285714288252 -0.28928571428571414614
7 5 2 -0.02410714285714285476 -0.07232142857142853654 -0.07232142857142853654
7 5 3 0.00000000000000000000 0.00000000000000000000 0.00000000000000000000
7 5 4 -0.09642857142857141906 0.07232142857142859205 -0.14464285714285707307
7 5 5 -0.04821428571428570953 -0.07232142857142853654 -0.04821428571428570953
7 6 0 0.00000000000000000000 0.00000000000000000000 0.00000000000000000000
7 6 1 0.19285714285714294913 0.19285714285714294913 1.30178571428571454582
7 6 2 0.09642857142857147457 0.19285714285714294913 0.55446428571428574283
7 6 3 0.00000000000000000000 0.00000000000000000000 0.00000000000000000000
7 6 4 0.19285714285714294913 0.09642857142857147457 0.55446428571428574283
7 6 5 0.24107142857142860315 0.24107142857142860315 0.36160714285714284921
7 7 0 0.19285714285714294913 0.19285714285714294913 1.30178571428571454582
7 7 1 0.00000000000000000000 0.00000000000000000000 0.00000000000000000000
7 7 2 0.38571428571428589827 0.19285714285714294913 1.10892857142857148567
7 7 3 0.00000000000000000000 0.00000000000000000000 0.00000000000000000000
7 7 4 0.00000000000000000000 0.00000000000000000000 0.00000000000000000000
7 7 5 0.72321428571428580945 0.24107142857142860315 0.72321428571428569843
7 8 0 0.02410714285714288252 -0.07232142857142853654 -0.28928571428571414614
7 8 1 0.00000000000000000000 0.00000000000000000000 0.00000000000000000000
7 8 2 0.31339285714285725071 0.04821428571428576504 0.31339285714285725071
7 8 3 0.00000000000000000000 0.00000000000000000000 0.00000000000000000000
7 8 4 0.00000000000000000000 0.00000000000000000000 0.00000000000000000000
7 8 5 -0.28928571428571414614 -0.07232142857142853654 0.02410714285714288252
7 9 0 0.09642857142857141906 0.19285714285714283811 0.72321428571428580945
7 9 1 0.19285714285714283811 0.09642857142857141906 0.72321428571428580945
7 9 2 0.19285714285714283811 0.19285714285714283811 0.62678571428571427937
7 9 3 0.00000000000000000000 0.00000000000000000000 0.00000000000000000000
7 9 4 0.72321428571428580945 0.24107142857142860315 1.06071428571428572063
7 9 5 -0.14464285714285707307 -0.09642857142857141906 0.24107142857142860315
8 0 0 0.14196428571428576504 -0.03482142857142855874 -0.06964285714285711748
8 0 1 0.00000000000000000000 0.00000000000000000000 0.00000000000000000000
8 0 2 0.58928571428571441260 0.06160714285714286031 0.06160714285714286031
8 0 3 0.00000000000000000000 0.00000000000000000000 0.00000000000000000000
8 0 4 0.00000000000000000000 0.00000000000000000000 0.00000000000000000000
8 0 5 0.00000000000000000000 0.00000000000000000000 0.00000000000000000000
8 1 0 0.00000000000000000000 0.00000000000000000000 0.00000000000000000000
8 1 1 0.04553571428571429047 -0.03482142857142855874 0.02678571428571430157
8 1 2 0.00000000000000000000 0.00000000000000000000 0.00000000000000000000
8 1 3 0.00000000000000000000 0.00000000000000000000 0.00000000000000000000
8 1 4 0.05892857142857155228 -0.03482142857142855874 0.01339285714285715079
8 1 5 0.00000000000000000000 0.00000000000000000000 0.00000000000000000000
8 2 0 0.00000000000000000000 0.00000000000000000000 0.00000000000000000000
8 2 1 0.00000000000000000000 0.00000000000000000000 0.00000000000000000000
8 2 2 -0.05089285714285707307 -0.03482142857142855874 -0.21428571428571419055
8 2 3 0.00000000000000000000 0.00000000000000000000 0.00000000000000000000
8 2 4 0.00000000000000000000 0.00000000000000000000 0.00000000000000000000
8 2 5 0.05892857142857155228 0.01339285714285715079 -0.03482142857142855874
8 3 0 0.36160714285714284921 0.24107142857142860315 0.24107142857142860315
8 3 1 0.55446428571428574283 0.09642857142857147457 0.19285714285714294913
8 3 2 0.55446428571428574283 0.19285714285714294913 0.09642857142857147457
8 3 3 0.00000000000000000000 0.00000000000000000000 0.00000000000000000000
8 3 4 1.30178571428571454582 0.19285714285714294913 0.19285714285714294913
8 3 5 0.00000000000000000000 0.00000000000000000000 0.00000000000000000000
8 4 0 -0.04821428571428570953 -0.07232142857142853654 -0.04821428571428570953
8 4 1 -0.14464285714285707307 0.07232142857142859205 -0.09642857142857141906
8 4 2 -0.07232142857142853654 -0.07232142857142853654 -0.02410714285714285476
8 4 3 0.00000000000000000000 0.00000000000000000000 0.00000000000000000000
8 4 4 -0.28928571428571414614 0.02410714285714288252 -0.07232142857142853654
8 4 5 0.00000000000000000000 0.00000000000000000000 0.00000000000000000000
8 5 0 0.00000000000000000000 0.00000000000000000000 0.00000000000000000000
8 5 1 -0.09642857142857141906 -0.09642857142857141906 -0.14464285714285707307
8 5 2 -0.04821428571428570953 -0.07232142857142853654 -0.04821428571428570953
8 5 3 0.00000000000000000000 0.00000000000000000000 0.00000000000000000000
8 5 4 -0.07232142857142853654 -0.04821428571428570953 -0.04821428571428570953
8 5 5 -0.07232142857142853654 -0.07232142857142853654 -0.02410714285714285476
8 6 0 0.00000000000000000000 0.00000000000000000000 0.00000000000000000000
8 6 1 0.02410714285714288252 -0.07232142857142853654 -0.28928571428571414614
8 6 2 0.07232142857142859205 -0.09642857142857141906 -0.14464285714285707307
8 6 3 0.00000000000000000000 0.00000000000000000000 0.00000000000000000000
8 6 4 -0.07232142857142853654 -0.02410714285714285476 -0.07232142857142853654
8 6 5 -0.07232142857142853654 -0.04821428571428570953 -0.04821428571428570953
8 7 0 0.02410714285714288252 -0.07232142857142853654 -0.28928571428571414614
8 7 1 0.00000000000000000000 0.00000000000000000000 0.00000000000000000000
8 7 2 0.31339285714285725071 0.04821428571428576504 0.31339285714285725071
8 7 3 0.00000000000000000000 0.00000000000000000000 0.00000000000000000000
8 7 4 0.00000000000000000000 0.00000000000000000000 0.00000000000000000000
8 7 5 -0.28928571428571414614 -0.07232142857142853654 0.02410714285714288252
8 8 0 0.72321428571428569843 0.24107142857142860315 0.72321428571428580945
8 8 1 0.00000000000000000000 0.00000000000000000000 0.00000000000000000000
8 8 2 1.10892857142857148567 0.19285714285714294913 0.38571428571428589827
8 8 3 0.00000000000000000000 0.00000000000000000000 0.00000000000000000000
8 8 4 0.00000000000000000000 0.00000000000000000000 0.00000000000000000000
8 8 5 1.30178571428571454582 0.19285714285714294913 0.19285714285714294913
8 9 0 0.24107142857142860315 -0.09642857142857141906 -0.14464285714285707307
8 9 1 1.06071428571428572063 0.24107142857142860315 0.72321428571428580945
8 9 2 0.62678571428571427937 0.19285714285714283811 0.19285714285714283811
8 9 3 0.00000000000000000000 0.00000000000000000000 0.00000000000000000000
8 9 4 0.72321428571428580945 0.09642857142857141906 0.19285714285714283811
8 9 5 0.72321428571428580945 0.19285714285714283811 0.09642857142857141906
9 0 0 -0.01607142857142859760 0.06428571428571427937 0.06428571428571427937
9 0 1 0.16071428571428586496 -0.01607142857142859760 -0.03214285714285719520
9 0 2 0.16071428571428586496 -0.03214285714285719520 -0.01607142857142859760
9 0 3 0.00000000000000000000 0.00000000000000000000 0.00000000000000000000
9 0 4 0.00000000000000000000 0.00000000000000000000 0.00000000000000000000
9 0 5 0.00000000000000000000 0.00000000000000000000 0.00000000000000000000
9 1 0 0.00000000000000000000 0.00000000000000000000 0.00000000000000000000
9 1 1 -0.01607142857142859760 0.16071428571428586496 -0.03214285714285719520
9 1 2 0.00000000000000000000 0.00000000000000000000 0.00000000000000000000
9 1 3 0.06428571428571427937 -0.01607142857142859760 0.06428571428571427937
9 1 4 -0.03214285714285719520 0.16071428571428586496 -0.01607142857142859760
9 1 5 0.00000000000000000000 0.00000000000000000000 0.00000000000000000000
9 2 0 0.00000000000000000000 0.00000000000000000000 0.00000000000000000000
9 2 1 0.00000000000000000000 0.00000000000000000000 0.00000000000000000000
9 2 2 -0.01607142857142859760 -0.03214285714285719520 0.16071428571428586496
9 2 3 0.00000000000000000000 0.00000000000000000000 0.00000000000000000000
9 2 4 -0.03214285714285719520 -0.01607142857142859760 0.16071428571428586496
9 2 5 0.06428571428571427937 0.06428571428571427937 -0.01607142857142859760
9 3 0 0.24107142857142860315 -0.14464285714285707307 -0.09642857142857141906
9 3 1 0.62678571428571427937 0.19285714285714283811 0.19285714285714283811
9 3 2 1.06071428571428572063 0.72321428571428580945 0.24107142857142860315
9 3 3 0.72321428571428580945 0.09642857142857141906 0.19285714285714283811
9 3 4 0.72321428571428580945 0.19285714285714283811 0.09642857142857141906
9 3 5 0.00000000000000000000 0.00000000000000000000 0.00000000000000000000
9 4 0 0.09642857142857141906 0.72321428571428580945 0.19285714285714283811
9 4 1 0.19285714285714283811 0.62678571428571427937 0.19285714285714283811
9 4 2 0.19285714285714283811 0.72321428571428580945 0.09642857142857141906
9 4 3 -0.14464285714285707307 0.24107142857142860315 -0.09642857142857141906
9 4 4 0.72321428571428580945 1.06071428571428572063 0.24107142857142860315
9 4 5 0.00000000000000000000 0.00000000000000000000 0.00000000000000000000
9 5 0 0.00000000000000000000 0.00000000000000000000 0.00000000000000000000
9 5 1 0.24107142857142860315 1.06071428571428572063 0.72321428571428580945
9 5 2 0.09642857142857141906 0.72321428571428580945 0.19285714285714283811
9 5 3 -0.09642857142857141906 0.24107142857142860315 -0.14464285714285707307
9 5 4 0.19285714285714283811 0.62678571428571427937 0.19285714285714283811
9 5 5 0.19285714285714283811 0.72321428571428580945 0.09642857142857141906
9 6 0 0.00000000000000000000 0.00000000000000000000 0.00000000000000000000
9 6 1 0.09642857142857141906 0.19285714285714283811 0.72321428571428580945
9 6 2 0.24107142857142860315 0.72321428571428580945 1.06071428571428572063
9 6 3 0.19285714285714283811 0.09642857142857141906 0.72321428571428580945
9 6 4 0.19285714285714283811 0.19285714285714283811 0.62678571428571427937
9 6 5 -0.09642857142857141906 -0.14464285714285707307 0.24107142857142860315
9 7 0 0.09642857142857141906 0.19285714285714283811 0.72321428571428580945
9 7 1 0.19285714285714283811 0.09642857142857141906 0.72321428571428580945
9 7 2 0.19285714285714283811 0.19285714285714283811 0.62678571428571427937
9 7 3 0.00000000000000000000 0.00000000000000000000 0.00000000000000000000
9 7 4 0.72321428571428580945 0.24107142857142860315 1.06071428571428572063
9 7 5 -0.14464285714285707307 -0.09642857142857141906 0.24107142857142860315
9 8 0 0.24107142857142860315 -0.09642857142857141906 -0.14464285714285707307
9 8 1 1.06071428571428572063 0.24107142857142860315 0.72321428571428580945
9 8 2 0.62678571428571427937 0.19285714285714283811 0.19285714285714283811
9 8 3 0.00000000000000000000 0.00000000000000000000 0.00000000000000000000
9 8 4 0.72321428571428580945 0.09642857142857141906 0.19285714285714283811
9 8 5 0.72321428571428580945 0.19285714285714283811 0.09642857142857141906
9 9 0 0.57857142857142862535 1.73571428571428576504 1.73571428571428576504
9 9 1 1.15714285714285725071 1.15714285714285725071 1.73571428571428576504
9 9 2 1.15714285714285725071 1.73571428571428576504 1.15714285714285725071
9 9 3 1.73571428571428576504 0.57857142857142862535 1.73571428571428576504
9 9 4 1.73571428571428576504 1.15714285714285725071 1.15714285714285725071
9 9 5 1.73571428571428576504 1.73571428571428576504 0.57857142857142862535