0 0 0.00446428571428571230 0.00059523809523811047 0.00059523809523811047
0 1 0.00037202380952380820 0.00037202380952380820 0.00007440476190475817
0 2 0.00037202380952380820 0.00007440476190475817 0.00037202380952380820
0 3 0.00267857142857143987 -0.00089285714285713969 -0.00044642857142856984
0 4 -0.00133928571428571647 0.00111607142857142461 0.00022321428571428145
0 5 0.00022321428571428145 0.00156249999999999445 0.00022321428571428145
0 6 0.00022321428571428145 0.00022321428571428145 0.00156249999999999445
0 7 -0.00133928571428571647 0.00022321428571428145 0.00111607142857142461
0 8 0.00267857142857143987 -0.00044642857142856984 -0.00089285714285713969
0 9 -0.00000000000000000694 0.00133928571428570953 0.00133928571428570953
1 0 0.00037202380952380820 0.00037202380952380820 0.00007440476190475817
1 1 0.00059523809523811047 0.00446428571428571230 0.00059523809523811047
1 2 0.00007440476190475817 0.00037202380952380820 0.00037202380952380820
1 3 0.00111607142857142461 -0.00133928571428571647 0.00022321428571428319
1 4 -0.00089285714285713969 0.00267857142857143987 -0.00044642857142856984
1 5 -0.00044642857142856984 0.00267857142857143987 -0.00089285714285713969
1 6 0.00022321428571428145 -0.00133928571428571647 0.00111607142857142461
1 7 0.00022321428571428145 0.00022321428571428145 0.00156249999999999445
1 8 0.00156249999999999445 0.00022321428571428319 0.00022321428571428145
1 9 0.00133928571428570953 -0.00000000000000000694 0.00133928571428570953
2 0 0.00037202380952380820 0.00007440476190475817 0.00037202380952380820
2 1 0.00007440476190475817 0.00037202380952380820 0.00037202380952380820
2 2 0.00059523809523811047 0.00059523809523811047 0.00446428571428571230
2 3 0.00156249999999999445 0.00022321428571428145 0.00022321428571428319
2 4 0.00022321428571428145 0.00156249999999999445 0.00022321428571428319
2 5 0.00022321428571428319 0.00111607142857142461 -0.00133928571428571647
2 6 -0.00044642857142856984 -0.00089285714285713969 0.00267857142857143987
2 7 -0.00089285714285713969 -0.00044642857142856984 0.00267857142857143987
2 8 0.00111607142857142461 0.00022321428571428319 -0.00133928571428571647
2 9 0.00133928571428570953 0.00133928571428570953 -0.00000000000000000694
3 0 0.00267857142857143987 -0.00089285714285713969 -0.00044642857142856984
3 1 0.00111607142857142461 -0.00133928571428571647 0.00022321428571428319
3 2 0.00156249999999999445 0.00022321428571428145 0.00022321428571428319
3 3 0.02410714285714284782 0.01205357142857143432 0.00401785714285713899
3 4 -0.00602678571428571369 -0.00602678571428571369 -0.00200892857142857470
3 5 -0.00200892857142857470 -0.00602678571428571716 -0.00200892857142857470
3 6 -0.00200892857142857470 -0.00000000000000000347 -0.00200892857142857470
3 7 -0.00602678571428571716 -0.00200892857142857470 -0.00200892857142857470
3 8 0.01205357142857142391 0.00401785714285713899 0.00401785714285713899
3 9 0.01205357142857142738 0.00000000000000000000 0.00000000000000000000
4 0 -0.00133928571428571647 0.00111607142857142461 0.00022321428571428145
4 1 -0.00089285714285713969 0.00267857142857143987 -0.00044642857142856984
4 2 0.00022321428571428145 0.00156249999999999445 0.00022321428571428319
4 3 -0.00602678571428571369 -0.00602678571428571369 -0.00200892857142857470
4 4 0.01205357142857143432 0.02410714285714284782 0.00401785714285713899
4 5 0.00401785714285713899 0.01205357142857142391 0.00401785714285713899
4 6 -0.00200892857142857470 -0.00602678571428571716 -0.00200892857142857470
4 7 -0.00000000000000000347 -0.00200892857142857470 -0.00200892857142857470
4 8 -0.00602678571428571716 -0.00200892857142857470 -0.00200892857142857470
4 9 0.00000000000000000000 0.01205357142857142738 0.00000000000000000000
5 0 0.00022321428571428145 0.00156249999999999445 0.00022321428571428145
5 1 -0.00044642857142856984 0.00267857142857143987 -0.00089285714285713969
5 2 0.00022321428571428319 0.00111607142857142461 -0.00133928571428571647
5 3 -0.00200892857142857470 -0.00602678571428571716 -0.00200892857142857470
5 4 0.00401785714285713899 0.01205357142857142391 0.00401785714285713899
5 5 0.00401785714285713899 0.02410714285714284782 0.01205357142857143432
5 6 -0.00200892857142857470 -0.00602678571428571369 -0.00602678571428571369
5 7 -0.00200892857142857470 -0.00200892857142857470 -0.00602678571428571716
5 8 -0.00200892857142857470 -0.00200892857142857470 -0.00000000000000000347
5 9 0.00000000000000000000 0.01205357142857142738 0.00000000000000000000
6 0 0.00022321428571428145 0.00022321428571428145 0.00156249999999999445
6 1 0.00022321428571428145 -0.00133928571428571647 0.00111607142857142461
6 2 -0.00044642857142856984 -0.00089285714285713969 0.00267857142857143987
6 3 -0.00200892857142857470 -0.00000000000000000347 -0.00200892857142857470
6 4 -0.00200892857142857470 -0.00602678571428571716 -0.00200892857142857470
6 5 -0.00200892857142857470 -0.00602678571428571369 -0.00602678571428571369
6 6 0.00401785714285713899 0.01205357142857143432 0.02410714285714284782
6 7 0.00401785714285713899 0.00401785714285713899 0.01205357142857142391
6 8 -0.00200892857142857470 -0.00200892857142857470 -0.00602678571428571716
6 9 0.00000000000000000000 0.00000000000000000000 0.01205357142857142738
7 0 -0.00133928571428571647 0.00022321428571428145 0.00111607142857142461
7 1 0.00022321428571428145 0.00022321428571428145 0.00156249999999999445
7 2 -0.00089285714285713969 -0.00044642857142856984 0.00267857142857143987
7 3 -0.00602678571428571716 -0.00200892857142857470 -0.00200892857142857470
7 4 -0.00000000000000000347 -0.00200892857142857470 -0.00200892857142857470
7 5 -0.00200892857142857470 -0.00200892857142857470 -0.00602678571428571716
7 6 0.00401785714285713899 0.00401785714285713899 0.01205357142857142391
7 7 0.01205357142857143432 0.00401785714285713899 0.02410714285714284782
7 8 -0.00602678571428571369 -0.00200892857142857470 -0.00602678571428571369
7 9 0.00000000000000000000 0.00000000000000000000 0.01205357142857142738
8 0 0.00267857142857143987 -0.00044642857142856984 -0.00089285714285713969
8 1 0.00156249999999999445 0.00022321428571428319 0.00022321428571428145
8 2 0.00111607142857142461 0.00022321428571428319 -0.00133928571428571647
8 3 0.01205357142857142391 0.00401785714285713899 0.00401785714285713899
8 4 -0.00602678571428571716 -0.00200892857142857470 -0.00200892857142857470
8 5 -0.00200892857142857470 -0.00200892857142857470 -0.00000000000000000347
8 6 -0.00200892857142857470 -0.00200892857142857470 -0.00602678571428571716
8 7 -0.00602678571428571369 -0.00200892857142857470 -0.00602678571428571369
8 8 0.02410714285714284782 0.00401785714285713899 0.01205357142857143432
8 9 0.01205357142857142738 0.00000000000000000000 0.00000000000000000000
9 0 -0.00000000000000000694 0.00133928571428570953 0.00133928571428570953
9 1 0.00133928571428570953 -0.00000000000000000694 0.00133928571428570953
9 2 0.00133928571428570953 0.00133928571428570953 -0.00000000000000000694
9 3 0.01205357142857142738 0.00000000000000000000 0.00000000000000000000
9 4 0.00000000000000000000 0.01205357142857142738 0.00000000000000000000
9 5 0.00000000000000000000 0.01205357142857142738 0.00000000000000000000
9 6 0.00000000000000000000 0.00000000000000000000 0.01205357142857142738
9 7 0.00000000000000000000 0.00000000000000000000 0.01205357142857142738
9 8 0.01205357142857142738 0.00000000000000000000 0.00000000000000000000
9 9 0.04821428571428571647 0.04821428571428571647 0.04821428571428571647