0
5.605859863630491E-06
1.7148355396789938E-07
1.9151024728825128E-06
2.629974421353154E-06
1.7490315451507144E-07
8.705345518889018E-07
1.3342792368753464E-06
9.506143927584532E-08
4.4057981118950096E-07
7.439790152830028E-07
5.82670736104518E-08
2.4417507771268276E-07
4.457426973081269E-07
3.874001253123538E-08
1.448868447440077E-07
2.8238520755063945E-07
2.725375203294078E-08
9.066396622348094E-08
1.870729273711902E-07
1.995890186456961E-08
5.922318324635967E-08
1.2857741249483468E-07
1.5041016432348897E-08
4.010563370293596E-08
9.116310950574302E-08
1.1562103274798119E-08
2.8029828014197733E-08
6.639929384100185E-08
9.00008867432689E-09
2.0165162206708942E-08
4.9532659973650084E-08
7.046782934949647E-09
1.4917356017107863E-08
3.77649305161043E-08
5.511656464562975E-09
1.1349580608666088E-08
2.938627652326886E-08
4.27263358027119E-09
8.890575831088654E-09
2.3317206387929446E-08
3.2497673441156394E-09
7.179442595983687E-09
1.88564128755786E-08
2.393858888893874E-09
5.945303804821833E-09
1.579178587896024E-08
1.9021599850788107E-09
0
0
4.548992407524266E-06
1.113588500495366E-06
3.2383322995377384E-07
2.0255051100259713E-06
4.439721335014468E-07
1.5248467205575267E-07
1.034838022162532E-06
2.2294582835424848E-07
8.530415629426358E-08
5.793258144315416E-07
1.2154944961650926E-07
5.308855810515212E-08
3.477664981543782E-07
7.051434203209084E-08
3.557001604370669E-08
2.2045864123132475E-07
4.292469302225044E-08
2.512965158185665E-08
1.460219067883628E-07
2.7164363314291506E-08
1.8446722149789707E-08
1.0029372576880746E-07
1.776869384961799E-08
1.3916849228579053E-08
7.104366384069749E-08
1.1981232894697769E-08
1.0698086638782911E-08
5.1697769176684005E-08
8.330358403085825E-09
8.317608823915634E-09
3.854104391187718E-08
5.992147888989052E-09
6.494906834575431E-09
2.938282661624214E-08
4.4859911341177394E-09
5.056162377670148E-09
2.2882917782851564E-08
3.5211689120018264E-09
3.890005650930561E-09
1.8194321382836165E-08
2.9155238223665947E-09
2.9238820253851827E-09
1.476601840799674E-08
2.5495685562759718E-09
2.1077448675299593E-09
1.242462999151428E-08
2.490431860735498E-09
0
0
2.755081303582041E-06
2.7652265620625727E-06
4.957968910146437E-07
1.2146434276161244E-06
1.1815807678949852E-06
2.2469564148197563E-07
6.234185236930756E-07
6.015817112237087E-07
1.1842008895701639E-07
3.4933162651462624E-07
3.3557417777885234E-07
6.992927692461848E-08
2.0932376243454343E-07
2.0046437643195247E-07
4.485492755001985E-08
1.3220762995480584E-07
1.2633047463683766E-07
3.05847568382589E-08
8.713701116214168E-08
8.312493671169818E-08
2.1820274476169743E-08
5.951220072297758E-08
5.67020275177299E-08
1.6093131494088198E-08
4.191181957047263E-08
3.98991870653731E-08
1.2152638895202017E-08
3.0336585465917665E-08
2.886781569344521E-08
9.31953336724689E-09
2.252347952591549E-08
2.1434880981274773E-08
7.203194929417123E-09
1.7137416152834817E-08
1.6320431450722594E-08
5.568284500157006E-09
1.336164912046911E-08
1.2742384480901592E-08
4.267646458444574E-09
1.0680069939539294E-08
1.0206792078193416E-08
3.207019982909287E-09
8.757119474012143E-09
8.391548567132645E-09
2.3190525055838407E-09
7.56592277717516E-09
7.24238802263244E-09
0
0
2.5289852102761134E-06
2.433894799702685E-06
1.120095287243661E-06
1.1876475989325286E-06
1.019977672933603E-06
5.429605692275352E-07
6.093288439368294E-07
5.208931199707223E-07
2.904928918523453E-07
3.416722067495215E-07
2.9117816813251096E-07
1.6782052314479046E-07
2.0486055851698382E-07
1.7410282671104227E-07
1.0276986250890019E-07
1.2944406568848876E-07
1.0972046360357979E-07
6.590791512550709E-08
8.533895934359492E-08
7.215203745580823E-08
4.39069021140881E-08
5.8293631921557676E-08
4.916778584274084E-08
3.022118222339998E-08
4.105731976622451E-08
3.4557308792315666E-08
2.1421093787665768E-08
2.971982948629659E-08
2.4976373191876178E-08
1.561156470764047E-08
2.2067202731790303E-08
1.8533653056707067E-08
1.1697461221871208E-08
1.679262129350434E-08
1.411374705995172E-08
9.02092245347319E-09
1.3096281836766366E-08
1.1034460678516211E-08
7.172989313630751E-09
1.0472625433521898E-08
8.86461037907793E-09
5.890968379773653E-09
8.593394884570671E-09
7.3217782947665455E-09
4.977066980771383E-09
7.48331685507253E-09
6.059339696662391E-09
0
0
3.297343354954907E-06
2.516276792180472E-06
4.7591584312334234E-07
1.4194773085285384E-06
1.0617068540441643E-06
2.2190155313239757E-07
7.325743294761544E-07
5.421786883896829E-07
1.1757749540652895E-07
4.134983389025848E-07
3.0332395706267334E-07
6.953549491761635E-08
2.494292251631336E-07
1.8154271885784112E-07
4.463081038075245E-08
1.5850947365780854E-07
1.1452940695821923E-07
3.044214702541126E-08
1.0507884673494061E-07
7.539653690269432E-08
2.1723226995007394E-08
7.215903385926481E-08
5.143479597791156E-08
1.6024429783101368E-08
5.107636491530343E-08
3.61881984378698E-08
1.2102821411730247E-08
3.7136596686693224E-08
2.6178985201852356E-08
9.282801194387957E-09
2.767324902563928E-08
1.9439496456996608E-08
7.175724237029613E-09
2.110771135654943E-08
1.4808807957678027E-08
5.547415193873917E-09
1.64712181671689E-08
1.1576597902518415E-08
4.251401675148259E-09
1.3150016631158223E-08
9.293861458203878E-09
3.193484809926872E-09
1.0744823919495161E-08
7.669272106269887E-09
2.3025166218104687E-09
9.181843507732879E-09
6.691390108670703E-09
0
0
2.4242327872486813E-06
3.3492524175449123E-06
4.254631917333107E-07
1.0441990094256504E-06
1.4326289827226724E-06
2.0358376973117487E-07
5.388756224022906E-07
7.320196778737298E-07
1.0948847883884838E-07
3.040910512286388E-07
4.1050488419625E-07
6.5460488585245E-08
1.8313388039370437E-07
2.465805990503611E-07
4.238387674160293E-08
1.1605183625196247E-07
1.5625738680746792E-07
2.9115497457432582E-08
7.665117618405048E-08
1.0338662237430185E-07
2.089668194038552E-08
5.241815492773583E-08
7.090430398370984E-08
1.5486797844133093E-08
3.694409866916715E-08
5.014653603474528E-08
1.1740586947084353E-08
2.6755284876500696E-08
3.644525681245625E-08
9.031467129716475E-09
1.9876918333494586E-08
2.7157493587282033E-08
6.996903501033103E-09
1.5139513420692197E-08
2.0722293880837128E-08
5.417349235870006E-09
1.1825384227392988E-08
1.6183484774501267E-08
4.154835142600177E-09
9.479931728506585E-09
1.293615392583547E-08
3.1201066175157166E-09
7.807983593011159E-09
1.058785170648946E-08
2.244177066401676E-09
6.806382790713883E-09
9.044804238911297E-09
0
0
2.2775518414286378E-06
2.5786859607634938E-06
1.1976145771752655E-06
1.0712553325520346E-06
1.0754050831507378E-06
5.690556322823781E-07
5.489591318186271E-07
5.501236974847501E-07
3.01542826930401E-07
3.0843161724636303E-07
3.085852916528964E-07
1.7330152768391116E-07
1.8526111733585537E-07
1.851699387156458E-07
1.0578057330068447E-07
1.1719828441059121E-07
1.1710011227350492E-07
6.769034099907145E-08
7.731580931036319E-08
7.726172968069989E-08
4.502432138231427E-08
5.282598047884335E-08
5.281603043805205E-08
3.095351064352769E-08
3.720576802201947E-08
3.722967711894398E-08
2.1918221904115853E-08
2.6929277030518506E-08
2.697710832499922E-08
1.595885334992886E-08
1.9996049704928964E-08
2.006020438649614E-08
1.1946036826415707E-08
1.522314252433432E-08
1.529813942191538E-08
9.202733908253435E-09
1.1885431971947469E-08
1.1967341562169054E-08
7.30885085786781E-09
9.524086186374348E-09
9.609997908555101E-09
5.9955029829694695E-09
7.842038796113115E-09
7.927982048627769E-09
5.063483410339131E-09
6.893341675251463E-09
6.565793242430118E-09
0
0
3.1890658412081496E-06
2.5979237699425006E-06
4.363445965105406E-07
1.3757600319519447E-06
1.0948665936649782E-06
2.1022348356547482E-07
7.081320874124941E-07
5.584907812883344E-07
1.1318461989873185E-07
3.9969689891172777E-07
3.1272157818840185E-07
6.749262870808792E-08
2.41253347188497E-07
1.874426734937984E-07
4.353442506488392E-08
1.5342049175526284E-07
1.1845072700467085E-07
2.9789553490644494E-08
1.0176947495832422E-07
7.81136906269353E-08
2.1305330832888103E-08
6.992305023878487E-08
5.3378832687300815E-08
1.574306174312312E-08
4.951435994549058E-08
3.7615303316584914E-08
1.190664944417108E-08
3.6013276361046564E-08
2.724932013364878E-08
9.142455237309832E-09
2.684482591774895E-08
2.025722589671375E-08
7.0731829282522085E-09
2.0483365448242807E-08
1.5443876622001085E-08
5.470996766732128E-09
1.5991906687773394E-08
1.2077312261382644E-08
4.1930774408172056E-09
1.2776551372439826E-08
9.694713476449124E-09
3.146954696831017E-09
1.0451613574602447E-08
7.99694310771315E-09
2.2607791194673155E-09
8.955416852529652E-09
6.961541343386557E-09
0
0
2.3891809880216552E-06
3.384547875323607E-06
4.0564299566558937E-07
1.035624104972488E-06
1.4475989656426158E-06
1.9863432271227666E-07
5.321312065986739E-07
7.385235615275931E-07
1.0820198748096033E-07
2.9983377669573485E-07
4.140384615158865E-07
6.50542284486022E-08
1.8054021511115792E-07
2.4878050441934363E-07
4.2211684925241855E-08
1.1444987957354158E-07
1.5774191719497566E-07
2.901254647635909E-08
7.563493764628504E-08
1.0443896913958639E-07
2.0820271950938718E-08
5.1753004992605156E-08
7.167436510968628E-08
1.5425823285397655E-08
3.649445523556949E-08
5.0722835487349016E-08
1.169148799995412E-08
2.6441705935909E-08
3.6884228560296606E-08
8.992190991818916E-09
1.965188745067792E-08
2.7496964261075618E-08
6.965629184563227E-09
1.4973943862628403E-08
2.0988523363740796E-08
5.392310820084845E-09
1.1701088098448054E-08
1.6395245383549195E-08
4.134254272258886E-09
9.385500820968673E-09
1.3107471774631563E-08
3.1018203561217206E-09
7.736892237986126E-09
1.0730311528206471E-08
2.225025275137682E-09
6.7555383509443345E-09
9.160324276891174E-09
0
0
2.256651179463609E-06
2.5894389562297615E-06
1.2088222712813845E-06
1.0677545523862797E-06
1.0807554819969312E-06
5.717425163864753E-07
5.450767340819951E-07
5.515200953709609E-07
3.017968696061857E-07
3.0559441654975927E-07
3.0902942660393506E-07
1.7313020506115606E-07
1.8342112506619657E-07
1.8540136537126273E-07
1.0561284802257376E-07
1.1603244887137265E-07
1.1728107540687205E-07
6.758674309104151E-08
7.657037692787583E-08
7.74208528397935E-08
4.497119410196149E-08
5.233823840988805E-08
5.2955171581103855E-08
3.093064693260317E-08
3.687720284695217E-08
3.7348264037007084E-08
2.1911398917495717E-08
2.6701047373123288E-08
2.7076166420059167E-08
1.595976950596878E-08
1.9832796738228353E-08
2.014203448474916E-08
1.1950331391119562E-08
1.51033059392347E-08
1.5365571481851248E-08
9.208379836422864E-09
1.1795675103343228E-08
1.2023299689190026E-08
7.315246852712676E-09
9.456216476522172E-09
9.65749258341475E-09
6.003157748679655E-09
7.79143571882912E-09
7.970225812670151E-09
5.0733517387158145E-09
6.854838252579043E-09
6.597897339588599E-09
0
0
3.1801343971377127E-06
2.604704833569782E-06
4.297809600151137E-07
1.37622584356345E-06
1.0988600105954482E-06
2.0847608550589314E-07
7.067541943350797E-07
5.592637295492864E-07
1.1333715888017792E-07
3.982120196921457E-07
3.127157648386003E-07
6.791106688108783E-08
2.4018481392662494E-07
1.8735313145334942E-07
4.3856156262123136E-08
1.5273028908247E-07
1.1840683966646282E-07
2.998939407916623E-08
1.0133602401651842E-07
7.811437474636307E-08
2.1419506612829764E-08
6.964960230781969E-08
5.340441400214502E-08
1.580554442881521E-08
4.933824238051443E-08
3.765080514028796E-08
1.1939861543908137E-08
3.589655417357562E-08
2.7286327419773215E-08
9.159580871553885E-09
2.6765021976515868E-08
2.029182044616107E-08
7.081529140862131E-09
2.042721547468318E-08
1.547473704732738E-08
5.474393827142876E-09
1.5951600040864378E-08
1.2104540481061576E-08
4.193257741036405E-09
1.2747668920454203E-08
9.719310467559694E-09
3.1442464187847463E-09
1.0431923103126906E-08
8.020218489335207E-09
2.2556347900604123E-09
8.941061668821249E-09
6.978869038221092E-09
0
0
2.3864048036975616E-06
3.3882423766118386E-06
4.014675315244798E-07
1.0378338989869285E-06
1.4504115900537684E-06
1.9730370526271912E-07
5.320116587825829E-07
7.388019730436568E-07
1.0850559217789879E-07
2.9902930021030727E-07
4.1369988490469467E-07
6.55772492974549E-08
1.7985097222616986E-07
2.48459508300769E-07
4.2604433203585756E-08
1.1398987065369681E-07
1.575384014351755E-07
2.9258491629491346E-08
7.535142998449373E-08
1.043285789981141E-07
2.096410911534008E-08
5.158235527602528E-08
7.162118098591463E-08
1.550760209134694E-08
3.639149470657799E-08
5.0701236986583353E-08
1.173751651428745E-08
2.6378550677108592E-08
3.68789216942389E-08
9.018034541341535E-09
1.9612222512677135E-08
2.749956529157771E-08
6.980045652582589E-09
1.4948460025365762E-08
2.0994754379444203E-08
5.400018654455607E-09
1.1684620382368394E-08
1.6403223224159547E-08
4.137542530813221E-09
9.375429321778483E-09
1.3116783437183699E-08
3.101472412225803E-09
7.732047890840477E-09
1.0740929701213986E-08
2.2222599316279457E-09
6.752755687955414E-09
9.167923309405523E-09
0
0
2.255260996342212E-06
2.5915276798960107E-06
1.2120111142210899E-06
1.069996303393328E-06
1.0829295821190854E-06
5.729513198882152E-07
5.452088507329478E-07
5.515578040959923E-07
3.0147678253822363E-07
3.0491896607642843E-07
3.085234125954628E-07
1.7258174300760487E-07
1.8278854285735946E-07
1.8495994080769407E-07
1.0519712945189497E-07
1.1560018553513629E-07
1.169932193345602E-07
6.732433577294472E-08
7.630264076130544E-08
7.725141903947019E-08
4.481640525355601E-08
5.217766885223796E-08
5.2860036126034515E-08
3.084170163702993E-08
3.678118587480128E-08
3.7296240096296174E-08
2.186064107512209E-08
2.6642893891093422E-08
2.70483189179771E-08
1.5930749164283498E-08
1.979683639241614E-08
2.0127595812269305E-08
1.1933733334856811E-08
1.5080627413510683E-08
1.535869031954462E-08
9.199149220151526E-09
1.1781375430786056E-08
1.2021032391729136E-08
7.31088101169064E-09
9.447846505139523E-09
9.658666311196384E-09
6.002669916682635E-09
7.787811062698324E-09
7.97406340957707E-09
5.07517117220857E-09
6.8528227537001385E-09
6.600310964444134E-09
0
0
3.179512767695347E-06
2.6064853237139918E-06
4.270311955989481E-07
1.378507816285346E-06
1.1008821289015813E-06
2.0729634092608862E-07
7.07035976432735E-07
5.592823050237783E-07
1.1365213237191085E-07
3.976203261091271E-07
3.121882945489318E-07
6.846579514441231E-08
2.395937259702663E-07
1.8689064396060218E-07
4.427979916066249E-08
1.5232102801299163E-07
1.1810255795552393E-07
3.025792916222514E-08
1.0108269787867386E-07
7.793304623859854E-08
2.157846767936178E-08
6.949885955620516E-08
5.330078023391138E-08
1.5897232419348484E-08
4.9249285538621734E-08
3.759264854963362E-08
1.1992421944384546E-08
3.584364050013278E-08
2.725397241221117E-08
9.189804028864046E-09
2.673304155820233E-08
2.0274004031151094E-08
7.098943655137191E-09
2.04076133769604E-08
1.5465277503068364E-08
5.484188436710724E-09
1.5939719544277864E-08
1.2100274782156362E-08
4.198014380563109E-09
1.2741224963974673E-08
9.718901017308212E-09
3.1450404502919582E-09
1.042977859633254E-08
8.022664754747666E-09
2.254213704588892E-09
8.940193918505202E-09
6.980337641238066E-09
0
0
2.3858230529666402E-06
3.3900201827641308E-06
3.987166629915162E-07
1.040123540962945E-06
1.4524308701857613E-06
1.9612363078014283E-07
5.322979929611726E-07
7.388199610991464E-07
1.0881976320042952E-07
2.9844005355883496E-07
4.1317212373659373E-07
6.613156600110415E-08
1.7926112028110452E-07
2.47996770563752E-07
4.30279133434297E-08
1.1358125384663964E-07
1.5723391810773535E-07
2.9526967648685343E-08
7.50984617825523E-08
1.0414709950001821E-07
2.1123049087634627E-08
5.1431826353365295E-08
7.151743863786919E-08
1.5599283864631275E-08
3.630267086940364E-08
5.0643002236228085E-08
1.1790075582496229E-08
2.6325726487641532E-08
3.6846512285748645E-08
9.048256810473276E-09
1.9580302712540743E-08
2.7481707798315824E-08
6.99745883459002E-09
1.4928901892474755E-08
2.0985265525297336E-08
5.40981393015727E-09
1.167277141611578E-08
1.6398934654660025E-08
4.142300502607554E-09
9.369008679982471E-09
1.3116357555631453E-08
3.1022671098668297E-09
7.729921591703715E-09
1.0743362865994754E-08
2.220839734334845E-09
6.751901704404872E-09
9.1693830306383E-09
0
0
2.253930987766717E-06
2.5936458867281686E-06
1.2152005270382737E-06
1.0722426460607615E-06
1.0851042670512179E-06
5.741607881359911E-07
5.453466760396708E-07
5.515987013815504E-07
3.011589314594332E-07
3.0424716546129105E-07
3.080191240956154E-07
1.720344223743453E-07
1.8215771002694225E-07
1.8451918393225242E-07
1.0478184997442241E-07
1.1516874076633599E-07
1.1670558730525471E-07
6.706208155460303E-08
7.603530827182681E-08
7.708204519119022E-08
4.466166569905283E-08
5.201731512194385E-08
5.276490666616951E-08
3.0752766999597725E-08
3.668529480194138E-08
3.724420372108739E-08
2.180988323274846E-08
2.6584818346719885E-08
2.702045565072808E-08
1.5901725047839932E-08
1.9760928005041478E-08
2.011314270689013E-08
1.191713350223722E-08
1.505798374878964E-08
1.5351797832963143E-08
9.189915273211113E-09
1.1767099961090821E-08
1.2018755102261025E-08
7.30651272817795E-09
9.439494519369873E-09
9.659833599684475E-09
6.002180752417985E-09
7.784198396976194E-09
7.977891458565978E-09
5.076986830943042E-09
6.850816358650036E-09
6.602721258630595E-09
0
0
3.174971412833738E-06
2.6080701689690233E-06
4.228550319895774E-07
1.3798776241080724E-06
1.1027539315033863E-06
2.059627009498577E-07
7.064933540967822E-07
5.590907194985562E-07
1.1395144650094835E-07
3.965781792958367E-07
3.1158804503217397E-07
6.898676507827162E-08
2.387591814256851E-07
1.864113929883615E-07
4.46717497437632E-08
1.5176709600162042E-07
1.177977100308425E-07
3.0503583103858034E-08
1.007358528815061E-07
7.775484278660372E-08
2.172220159302185E-08
6.928399409744657E-08
5.320054774493599E-08
1.5978977696562424E-08
4.911454731804099E-08
3.753740451806209E-08
1.2038441354889073E-08
3.57570693054754E-08
2.722397929311171E-08
9.215646246119036E-09
2.66757462785705E-08
2.0258085431379413E-08
7.113360567245763E-09
2.03686059130348E-08
1.5457346735914257E-08
5.491898269482931E-09
1.591270670786571E-08
1.2097238322184012E-08
4.2013055256973075E-09
1.2722811026932845E-08
9.719522076068188E-09
3.144694060708275E-09
1.0418245821597338E-08
8.026327824595114E-09
2.2514528019712543E-09
8.932008910278455E-09
6.98233826312844E-09
0
0
2.375519687403127E-06
3.394526752853455E-06
3.9218878361557685E-07
1.039875509145638E-06
1.4554234311625613E-06
1.9438155518525235E-07
5.305524080068125E-07
7.390961581643651E-07
1.0897010571664367E-07
2.967442315204849E-07
4.128907392653147E-07
6.654891337998237E-08
1.7806114138707585E-07
2.4774105999991747E-07
4.3349416167792754E-08
1.1280483347420045E-07
1.570839268660862E-07
2.9726870631741065E-08
7.46062291945293E-08
1.040769648241735E-07
2.1237345881885972E-08
5.1116996635514056E-08
7.14940082691129E-08
1.5661873575822938E-08
3.6096616362613076E-08
5.064353802985977E-08
1.1823370948960132E-08
2.618682248822779E-08
3.6857916496657595E-08
9.065443729028289E-09
1.94837244116286E-08
2.7497135901555225E-08
7.005848345897903E-09
1.4859835584246639E-08
2.1001494321382097E-08
5.413240078411263E-09
1.1622361073548859E-08
1.6414801962127967E-08
4.142501897064221E-09
9.332110417759054E-09
1.3132002596449865E-08
3.099574374942904E-09
7.703785831481014E-09
1.0759483082267707E-08
2.215713168496336E-09
6.73232980474836E-09
9.180960658383697E-09
0
0
2.233537839707589E-06
2.604450086929333E-06
1.2262699093101848E-06
1.068814784621619E-06
1.090445725271394E-06
5.768159659358396E-07
5.415142260711825E-07
5.529973730045157E-07
3.0140584328375297E-07
3.0143604023979975E-07
3.0846316301236243E-07
1.718599617062111E-07
1.8033082349599994E-07
1.8474928431544413E-07
1.0461216615187396E-07
1.1400982224962775E-07
1.1688512957519492E-07
6.695720899951851E-08
7.529377799020409E-08
7.723999528863601E-08
4.4607711302546704E-08
5.153191784401656E-08
5.29031591867124E-08
3.0729368827309145E-08
3.635821599345945E-08
3.7362136717788985E-08
2.180270697316189E-08
2.6357570570567646E-08
2.7119032575129154E-08
1.5902406724777052E-08
1.9598347167359975E-08
2.019462064239974E-08
1.1921269971182369E-08
1.4938621228921534E-08
1.5418964993685336E-08
9.195452621568734E-09
1.167768526322277E-08
1.207451405527138E-08
7.312833893990955E-09
9.371877718322708E-09
9.707175729900541E-09
6.009779340843124E-09
7.733779616714287E-09
8.020008657183553E-09
5.0868069756404566E-09
6.812454156346348E-09
6.634748306311167E-09
0
0
3.115593124131122E-06
2.614391979460784E-06
4.0327654243776934E-07
1.3580463231743778E-06
1.1027544116193333E-06
2.010427850862584E-07
6.930892853529436E-07
5.581846738156315E-07
1.1267249389046441E-07
3.886019989129963E-07
3.110360993208161E-07
6.858436063517104E-08
2.3392188108761758E-07
1.8617218633387722E-07
4.450205770556437E-08
1.487307482728184E-07
1.177361014237377E-07
3.04022667041437E-08
9.875975981454843E-08
7.777974020406475E-08
2.164685297678659E-08
6.795229379186196E-08
5.3261236310220283E-08
1.5918691032013044E-08
4.8187583256975586E-08
3.7608193892424424E-08
1.1989794934663678E-08
3.509270030122025E-08
2.729299120041162E-08
9.176672977062594E-09
2.6187139789968228E-08
2.032057833112333E-08
7.082288755455579E-09
2.0001154288351586E-08
1.5512096496195227E-08
5.467000407932687E-09
1.5631169691943114E-08
1.2144741434738648E-08
4.180822132937578E-09
1.2504088653386702E-08
9.761319086365461E-09
3.1264812960785093E-09
1.024759410661602E-08
8.065264678336348E-09
2.2323725090700464E-09
8.798718864611033E-09
7.01235758349128E-09
0
0
2.2473814797058234E-06
3.4442962655312215E-06
3.5331719139275464E-07
9.848778759202759E-07
1.4725436723872498E-06
1.8287627517876714E-07
5.002640305340478E-07
7.475153341873764E-07
1.0464078248340059E-07
2.796047772202215E-07
4.179593340314369E-07
6.453508383241768E-08
1.6783882406112838E-07
2.5106853784873095E-07
4.2267969901921276E-08
1.063917731691788E-07
1.5938118935743262E-07
2.9082527386314894E-08
7.040259331070331E-08
1.0571871111864084E-07
2.082424543914385E-08
4.825543187259029E-08
7.269785951002916E-08
1.538341032336632E-08
3.408394655401992E-08
5.154460924750026E-08
1.16290219676074E-08
2.473065729979851E-08
3.754419841683898E-08
8.926277716980735E-09
1.8404162416274517E-08
2.8027950405018487E-08
6.904091742754304E-09
1.4042447649131873E-08
2.14179167734585E-08
5.337357666945763E-09
1.0992230681239334E-08
1.6745984821042725E-08
4.084549809491023E-09
8.839110554603735E-09
1.3399384490853095E-08
3.0533120476405884E-09
7.314599814733924E-09
1.0980623743606088E-08
2.174185054215627E-09
6.4261826970835045E-09
9.363184005906078E-09
0
0
1.9866456799355614E-06
2.7479464992097302E-06
1.3020254790441221E-06
9.539417685222595E-07
1.1455556914730103E-06
6.023503354990467E-07
4.817943612955844E-07
5.82051992492616E-07
3.122424532264745E-07
2.68502204914256E-07
3.2576623498759005E-07
1.7724551859554794E-07
1.6088919463363993E-07
1.9575283216610728E-07
1.0757544788297935E-07
1.0185152898856131E-07
1.242247722466061E-07
6.87142259758744E-08
6.732221391470006E-08
8.232374082428606E-08
4.5710696117140515E-08
4.609626347296114E-08
5.653408652328551E-08
3.1453093907174434E-08
3.25273574741658E-08
4.002263542801643E-08
2.2294495805041947E-08
2.3580878361073587E-08
2.9111431487649497E-08
1.624626655427619E-08
1.753676137639104E-08
2.1715191644844367E-08
1.2167577612132163E-08
1.3375915486335543E-08
1.6598981744664343E-08
9.375723752924614E-09
1.0471740141682062E-08
1.3004135768213132E-08
7.447623184830832E-09
8.426960684815299E-09
1.0450096343816995E-08
6.113551220821023E-09
6.985140466042594E-09
8.624314595806482E-09
5.172670070052732E-09
6.224477600014211E-09
7.139716373671945E-09
0
0
2.382495099567672E-06
2.7259379300759168E-06
3.349964865784205E-07
1.0220720183529153E-06
1.163224185918299E-06
1.8066332280186614E-07
5.210294728441589E-07
5.902471879037918E-07
1.0401911720858692E-07
2.9292555947524335E-07
3.302188319453947E-07
6.423867726645938E-08
1.767146110553952E-07
1.9842971521466524E-07
4.2091534480093173E-08
1.1248788944762111E-07
1.2594669618337662E-07
2.8965166154470978E-08
7.470779017637597E-08
8.348753610665227E-08
2.0741416362213272E-08
5.137265746135711E-08
5.73511644841318E-08
1.5323129876065877E-08
3.6391393232193536E-08
4.061399216936934E-08
1.1584407211273628E-08
2.6472377845365713E-08
2.9550275781886626E-08
8.892875102972653E-09
1.974188013065259E-08
2.204782245662784E-08
6.8788159612864774E-09
1.508595492971665E-08
1.6855759010780957E-08
5.317976947694092E-09
1.1817728795548987E-08
1.3205589288745045E-08
4.069340198142868E-09
9.500669362338954E-09
1.0610593959015091E-08
3.040509399809821E-09
7.852201333591324E-09
8.757146341409339E-09
2.158150325115571E-09
6.880445768686627E-09
7.611511865235343E-09
0
0
6.525393641959587E-07
4.313611011358409E-06
5.036568508920425E-07
2.2989995773770033E-07
1.8773425413121103E-06
2.5165731110110556E-07
1.180827483016067E-07
9.587586311532448E-07
1.3666149145663553E-07
6.71877818936295E-08
5.393160146249798E-07
8.08701465793149E-08
4.05892296440058E-08
3.257541096868266E-07
5.1274354206931605E-08
2.5582572060756092E-08
2.078515309866802E-07
3.4366439471966714E-08
1.664645643550955E-08
1.3854052827166896E-07
2.4084757077602603E-08
1.1117518683434469E-08
9.570992398622025E-08
1.7481564862364962E-08
7.608488949983894E-09
6.815401509818741E-08
1.3027955159117255E-08
5.349795495490639E-09
4.983097623423305E-08
9.887763496863045E-09
3.891885702600462E-09
3.7311219669433626E-08
7.58246354592984E-09
2.9609938945185377E-09
2.8561895515366587E-08
5.8269538083521866E-09
2.3848210073396103E-09
2.2333064952917425E-08
4.444796752878233E-09
2.052416014919345E-09
1.7832095355885258E-08
3.322099484392993E-09
1.8933961065670246E-09
1.4546341686738629E-08
2.3683792704787265E-09
2.0603483363856867E-09
1.2324113729533792E-08
0
0
1.0458142204461396E-06
5.31643673554183E-06
5.225900534810979E-07
4.7221057297708313E-07
2.326528243279391E-06
2.802929828793488E-07
2.362273823774963E-07
1.1919446929464783E-06
1.6430584870441578E-07
1.3046164160090967E-07
6.722344433329752E-07
1.0184322929429612E-07
7.822275349678165E-08
4.0699678960365304E-07
6.592384760306658E-08
5.008215786528325E-08
2.60278800401359E-07
4.420386134906806E-08
3.38045184067326E-08
1.73875055131667E-07
3.053242325634642E-08
2.380399610757422E-08
1.2038683938619954E-07
2.1650222281621723E-08
1.7326622581137485E-08
8.590684030806983E-08
1.5736085989814796E-08
1.2927750647762082E-08
6.292749810121734E-08
1.1724858195449883E-08
9.809502987678798E-09
4.7183225770908166E-08
8.968924936070266E-09
7.511191446596399E-09
3.6143731341198304E-08
7.061467410807154E-09
5.7560505251075256E-09
2.8252146178076032E-08
5.740034447754283E-09
4.3713503927733655E-09
2.2520395992486897E-08
4.832166222712431E-09
3.242885737719803E-09
1.8306522298061623E-08
4.209440573887946E-09
2.0571266912128294E-09
1.507546731893683E-08
0
