0
0.08004270767353636
0.15415067982725836
0.22314355131420976
0.28768207245178085
0.3483066942682158
0.4054651081081644
0.45953232937844013
0.5108256237659907
0.5596157879354227
0.6061358035703155
0.6505875661411494
0.6931471805599453
0.7339691750802005
0.7731898882334817
0.8109302162163288
0.8472978603872037
0.8823891801984737
0.9162907318741551
0.949080554697146
0.9808292530117262
1.0116009116784799
1.0414538748281612
1.0704414117014134
1.0986122886681098
1.1260112628562242
1.1526795099383853
1.1786549963416462
1.2039728043259361
1.2286654169163074
1.252762968495368
1.2762934659055623
1.2992829841302609
1.3217558399823195
1.3437347467010947
1.3652409519220583
1.3862943611198906
1.4069136483226263
1.4271163556401458
1.4469189829363254
1.466337068793427
1.4853852637641216
1.5040773967762742
1.5224265354444706
1.540445040947149
1.55814461804655
1.575536360758419
1.5926307941177191
1.6094379124341003
0
0.08004270767353636
0.15415067982725836
0.22314355131420976
0.28768207245178085
0.3483066942682158
0.4054651081081644
0.45953232937844013
0.5108256237659907
0.5596157879354227
0.6061358035703155
0.6505875661411494
0.6931471805599453
0.7339691750802005
0.7731898882334817
0.8109302162163288
0.8472978603872037
0.8823891801984737
0.9162907318741551
0.949080554697146
0.9808292530117262
1.0116009116784799
1.0414538748281612
1.0704414117014134
1.0986122886681098
1.1260112628562242
1.1526795099383853
1.1786549963416462
1.2039728043259361
1.2286654169163074
1.252762968495368
1.2762934659055623
1.2992829841302609
1.3217558399823195
1.3437347467010947
1.3652409519220583
1.3862943611198906
1.4069136483226263
1.4271163556401458
1.4469189829363254
1.466337068793427
1.4853852637641216
1.5040773967762742
1.5224265354444706
1.540445040947149
1.55814461804655
1.575536360758419
1.5926307941177191
1.6094379124341003
0
0.08004270767353636
0.15415067982725836
0.22314355131420976
0.28768207245178085
0.3483066942682158
0.4054651081081644
0.45953232937844013
0.5108256237659907
0.5596157879354227
0.6061358035703155
0.6505875661411494
0.6931471805599453
0.7339691750802005
0.7731898882334817
0.8109302162163288
0.8472978603872037
0.8823891801984737
0.9162907318741551
0.949080554697146
0.9808292530117262
1.0116009116784799
1.0414538748281612
1.0704414117014134
1.0986122886681098
1.1260112628562242
1.1526795099383853
1.1786549963416462
1.2039728043259361
1.2286654169163074
1.252762968495368
1.2762934659055623
1.2992829841302609
1.3217558399823195
1.3437347467010947
1.3652409519220583
1.3862943611198906
1.4069136483226263
1.4271163556401458
1.4469189829363254
1.466337068793427
1.4853852637641216
1.5040773967762742
1.5224265354444706
1.540445040947149
1.55814461804655
1.575536360758419
1.5926307941177191
1.6094379124341003
0
0.08004270767353636
0.15415067982725836
0.22314355131420976
0.28768207245178085
0.3483066942682158
0.4054651081081644
0.45953232937844013
0.5108256237659907
0.5596157879354227
0.6061358035703155
0.6505875661411494
0.6931471805599453
0.7339691750802005
0.7731898882334817
0.8109302162163288
0.8472978603872037
0.8823891801984737
0.9162907318741551
0.949080554697146
0.9808292530117262
1.0116009116784799
1.0414538748281612
1.0704414117014134
1.0986122886681098
1.1260112628562242
1.1526795099383853
1.1786549963416462
1.2039728043259361
1.2286654169163074
1.252762968495368
1.2762934659055623
1.2992829841302609
1.3217558399823195
1.3437347467010947
1.3652409519220583
1.3862943611198906
1.4069136483226263
1.4271163556401458
1.4469189829363254
1.466337068793427
1.4853852637641216
1.5040773967762742
1.5224265354444706
1.540445040947149
1.55814461804655
1.575536360758419
1.5926307941177191
1.6094379124341003
0
0.08004270767353636
0.15415067982725836
0.22314355131420976
0.28768207245178085
0.3483066942682158
0.4054651081081644
0.45953232937844013
0.5108256237659907
0.5596157879354227
0.6061358035703155
0.6505875661411494
0.6931471805599453
0.7339691750802005
0.7731898882334817
0.8109302162163288
0.8472978603872037
0.8823891801984737
0.9162907318741551
0.949080554697146
0.9808292530117262
1.0116009116784799
1.0414538748281612
1.0704414117014134
1.0986122886681098
1.1260112628562242
1.1526795099383853
1.1786549963416462
1.2039728043259361
1.2286654169163074
1.252762968495368
1.2762934659055623
1.2992829841302609
1.3217558399823195
1.3437347467010947
1.3652409519220583
1.3862943611198906
1.4069136483226263
1.4271163556401458
1.4469189829363254
1.466337068793427
1.4853852637641216
1.5040773967762742
1.5224265354444706
1.540445040947149
1.55814461804655
1.575536360758419
1.5926307941177191
1.6094379124341003
0
0.08004270767353636
0.15415067982725836
0.22314355131420976
0.28768207245178085
0.3483066942682158
0.4054651081081644
0.45953232937844013
0.5108256237659907
0.5596157879354227
0.6061358035703155
0.6505875661411494
0.6931471805599453
0.7339691750802005
0.7731898882334817
0.8109302162163288
0.8472978603872037
0.8823891801984737
0.9162907318741551
0.949080554697146
0.9808292530117262
1.0116009116784799
1.0414538748281612
1.0704414117014134
1.0986122886681098
1.1260112628562242
1.1526795099383853
1.1786549963416462
1.2039728043259361
1.2286654169163074
1.252762968495368
1.2762934659055623
1.2992829841302609
1.3217558399823195
1.3437347467010947
1.3652409519220583
1.3862943611198906
1.4069136483226263
1.4271163556401458
1.4469189829363254
1.466337068793427
1.4853852637641216
1.5040773967762742
1.5224265354444706
1.540445040947149
1.55814461804655
1.575536360758419
1.5926307941177191
1.6094379124341003
0
0.08004270767353636
0.15415067982725836
0.22314355131420976
0.28768207245178085
0.3483066942682158
0.4054651081081644
0.45953232937844013
0.5108256237659907
0.5596157879354227
0.6061358035703155
0.6505875661411494
0.6931471805599453
0.7339691750802005
0.7731898882334817
0.8109302162163288
0.8472978603872037
0.8823891801984737
0.9162907318741551
0.949080554697146
0.9808292530117262
1.0116009116784799
1.0414538748281612
1.0704414117014134
1.0986122886681098
1.1260112628562242
1.1526795099383853
1.1786549963416462
1.2039728043259361
1.2286654169163074
1.252762968495368
1.2762934659055623
1.2992829841302609
1.3217558399823195
1.3437347467010947
1.3652409519220583
1.3862943611198906
1.4069136483226263
1.4271163556401458
1.4469189829363254
1.466337068793427
1.4853852637641216
1.5040773967762742
1.5224265354444706
1.540445040947149
1.55814461804655
1.575536360758419
1.5926307941177191
1.6094379124341003
0
0.08004270767353636
0.15415067982725836
0.22314355131420976
0.28768207245178085
0.3483066942682158
0.4054651081081644
0.45953232937844013
0.5108256237659907
0.5596157879354227
0.6061358035703155
0.6505875661411494
0.6931471805599453
0.7339691750802005
0.7731898882334817
0.8109302162163288
0.8472978603872037
0.8823891801984737
0.9162907318741551
0.949080554697146
0.9808292530117262
1.0116009116784799
1.0414538748281612
1.0704414117014134
1.0986122886681098
1.1260112628562242
1.1526795099383853
1.1786549963416462
1.2039728043259361
1.2286654169163074
1.252762968495368
1.2762934659055623
1.2992829841302609
1.3217558399823195
1.3437347467010947
1.3652409519220583
1.3862943611198906
1.4069136483226263
1.4271163556401458
1.4469189829363254
1.466337068793427
1.4853852637641216
1.5040773967762742
1.5224265354444706
1.540445040947149
1.55814461804655
1.575536360758419
1.5926307941177191
1.6094379124341003
0
0.08004270767353636
0.15415067982725836
0.22314355131420976
0.28768207245178085
0.3483066942682158
0.4054651081081644
0.45953232937844013
0.5108256237659907
0.5596157879354227
0.6061358035703155
0.6505875661411494
0.6931471805599453
0.7339691750802005
0.7731898882334817
0.8109302162163288
0.8472978603872037
0.8823891801984737
0.9162907318741551
0.949080554697146
0.9808292530117262
1.0116009116784799
1.0414538748281612
1.0704414117014134
1.0986122886681098
1.1260112628562242
1.1526795099383853
1.1786549963416462
1.2039728043259361
1.2286654169163074
1.252762968495368
1.2762934659055623
1.2992829841302609
1.3217558399823195
1.3437347467010947
1.3652409519220583
1.3862943611198906
1.4069136483226263
1.4271163556401458
1.4469189829363254
1.466337068793427
1.4853852637641216
1.5040773967762742
1.5224265354444706
1.540445040947149
1.55814461804655
1.575536360758419
1.5926307941177191
1.6094379124341003
0
0.08004270767353636
0.15415067982725836
0.22314355131420976
0.28768207245178085
0.3483066942682158
0.4054651081081644
0.45953232937844013
0.5108256237659907
0.5596157879354227
0.6061358035703155
0.6505875661411494
0.6931471805599453
0.7339691750802005
0.7731898882334817
0.8109302162163288
0.8472978603872037
0.8823891801984737
0.9162907318741551
0.949080554697146
0.9808292530117262
1.0116009116784799
1.0414538748281612
1.0704414117014134
1.0986122886681098
1.1260112628562242
1.1526795099383853
1.1786549963416462
1.2039728043259361
1.2286654169163074
1.252762968495368
1.2762934659055623
1.2992829841302609
1.3217558399823195
1.3437347467010947
1.3652409519220583
1.3862943611198906
1.4069136483226263
1.4271163556401458
1.4469189829363254
1.466337068793427
1.4853852637641216
1.5040773967762742
1.5224265354444706
1.540445040947149
1.55814461804655
1.575536360758419
1.5926307941177191
1.6094379124341003
0
0.08004270767353636
0.15415067982725836
0.22314355131420976
0.28768207245178085
0.3483066942682158
0.4054651081081644
0.45953232937844013
0.5108256237659907
0.5596157879354227
0.6061358035703155
0.6505875661411494
0.6931471805599453
0.7339691750802005
0.7731898882334817
0.8109302162163288
0.8472978603872037
0.8823891801984737
0.9162907318741551
0.949080554697146
0.9808292530117262
1.0116009116784799
1.0414538748281612
1.0704414117014134
1.0986122886681098
1.1260112628562242
1.1526795099383853
1.1786549963416462
1.2039728043259361
1.2286654169163074
1.252762968495368
1.2762934659055623
1.2992829841302609
1.3217558399823195
1.3437347467010947
1.3652409519220583
1.3862943611198906
1.4069136483226263
1.4271163556401458
1.4469189829363254
1.466337068793427
1.4853852637641216
1.5040773967762742
1.5224265354444706
1.540445040947149
1.55814461804655
1.575536360758419
1.5926307941177191
1.6094379124341003
0
0.08004270767353636
0.15415067982725836
0.22314355131420976
0.28768207245178085
0.3483066942682158
0.4054651081081644
0.45953232937844013
0.5108256237659907
0.5596157879354227
0.6061358035703155
0.6505875661411494
0.6931471805599453
0.7339691750802005
0.7731898882334817
0.8109302162163288
0.8472978603872037
0.8823891801984737
0.9162907318741551
0.949080554697146
0.9808292530117262
1.0116009116784799
1.0414538748281612
1.0704414117014134
1.0986122886681098
1.1260112628562242
1.1526795099383853
1.1786549963416462
1.2039728043259361
1.2286654169163074
1.252762968495368
1.2762934659055623
1.2992829841302609
1.3217558399823195
1.3437347467010947
1.3652409519220583
1.3862943611198906
1.4069136483226263
1.4271163556401458
1.4469189829363254
1.466337068793427
1.4853852637641216
1.5040773967762742
1.5224265354444706
1.540445040947149
1.55814461804655
1.575536360758419
1.5926307941177191
1.6094379124341003
0
0.08004270767353636
0.15415067982725836
0.22314355131420976
0.28768207245178085
0.3483066942682158
0.4054651081081644
0.45953232937844013
0.5108256237659907
0.5596157879354227
0.6061358035703155
0.6505875661411494
0.6931471805599453
0.7339691750802005
0.7731898882334817
0.8109302162163288
0.8472978603872037
0.8823891801984737
0.9162907318741551
0.949080554697146
0.9808292530117262
1.0116009116784799
1.0414538748281612
1.0704414117014134
1.0986122886681098
1.1260112628562242
1.1526795099383853
1.1786549963416462
1.2039728043259361
1.2286654169163074
1.252762968495368
1.2762934659055623
1.2992829841302609
1.3217558399823195
1.3437347467010947
1.3652409519220583
1.3862943611198906
1.4069136483226263
1.4271163556401458
1.4469189829363254
1.466337068793427
1.4853852637641216
1.5040773967762742
1.5224265354444706
1.540445040947149
1.55814461804655
1.575536360758419
1.5926307941177191
1.6094379124341003
0
0.08004270767353636
0.15415067982725836
0.22314355131420976
0.28768207245178085
0.3483066942682158
0.4054651081081644
0.45953232937844013
0.5108256237659907
0.5596157879354227
0.6061358035703155
0.6505875661411494
0.6931471805599453
0.7339691750802005
0.7731898882334817
0.8109302162163288
0.8472978603872037
0.8823891801984737
0.9162907318741551
0.949080554697146
0.9808292530117262
1.0116009116784799
1.0414538748281612
1.0704414117014134
1.0986122886681098
1.1260112628562242
1.1526795099383853
1.1786549963416462
1.2039728043259361
1.2286654169163074
1.252762968495368
1.2762934659055623
1.2992829841302609
1.3217558399823195
1.3437347467010947
1.3652409519220583
1.3862943611198906
1.4069136483226263
1.4271163556401458
1.4469189829363254
1.466337068793427
1.4853852637641216
1.5040773967762742
1.5224265354444706
1.540445040947149
1.55814461804655
1.575536360758419
1.5926307941177191
1.6094379124341003
0
0.08004270767353636
0.15415067982725836
0.22314355131420976
0.28768207245178085
0.3483066942682158
0.4054651081081644
0.45953232937844013
0.5108256237659907
0.5596157879354227
0.6061358035703155
0.6505875661411494
0.6931471805599453
0.7339691750802005
0.7731898882334817
0.8109302162163288
0.8472978603872037
0.8823891801984737
0.9162907318741551
0.949080554697146
0.9808292530117262
1.0116009116784799
1.0414538748281612
1.0704414117014134
1.0986122886681098
1.1260112628562242
1.1526795099383853
1.1786549963416462
1.2039728043259361
1.2286654169163074
1.252762968495368
1.2762934659055623
1.2992829841302609
1.3217558399823195
1.3437347467010947
1.3652409519220583
1.3862943611198906
1.4069136483226263
1.4271163556401458
1.4469189829363254
1.466337068793427
1.4853852637641216
1.5040773967762742
1.5224265354444706
1.540445040947149
1.55814461804655
1.575536360758419
1.5926307941177191
1.6094379124341003
0
0.08004270767353636
0.15415067982725836
0.22314355131420976
0.28768207245178085
0.3483066942682158
0.4054651081081644
0.45953232937844013
0.5108256237659907
0.5596157879354227
0.6061358035703155
0.6505875661411494
0.6931471805599453
0.7339691750802005
0.7731898882334817
0.8109302162163288
0.8472978603872037
0.8823891801984737
0.9162907318741551
0.949080554697146
0.9808292530117262
1.0116009116784799
1.0414538748281612
1.0704414117014134
1.0986122886681098
1.1260112628562242
1.1526795099383853
1.1786549963416462
1.2039728043259361
1.2286654169163074
1.252762968495368
1.2762934659055623
1.2992829841302609
1.3217558399823195
1.3437347467010947
1.3652409519220583
1.3862943611198906
1.4069136483226263
1.4271163556401458
1.4469189829363254
1.466337068793427
1.4853852637641216
1.5040773967762742
1.5224265354444706
1.540445040947149
1.55814461804655
1.575536360758419
1.5926307941177191
1.6094379124341003
0
0.08004270767353636
0.15415067982725836
0.22314355131420976
0.28768207245178085
0.3483066942682158
0.4054651081081644
0.45953232937844013
0.5108256237659907
0.5596157879354227
0.6061358035703155
0.6505875661411494
0.6931471805599453
0.7339691750802005
0.7731898882334817
0.8109302162163288
0.8472978603872037
0.8823891801984737
0.9162907318741551
0.949080554697146
0.9808292530117262
1.0116009116784799
1.0414538748281612
1.0704414117014134
1.0986122886681098
1.1260112628562242
1.1526795099383853
1.1786549963416462
1.2039728043259361
1.2286654169163074
1.252762968495368
1.2762934659055623
1.2992829841302609
1.3217558399823195
1.3437347467010947
1.3652409519220583
1.3862943611198906
1.4069136483226263
1.4271163556401458
1.4469189829363254
1.466337068793427
1.4853852637641216
1.5040773967762742
1.5224265354444706
1.540445040947149
1.55814461804655
1.575536360758419
1.5926307941177191
1.6094379124341003
0
0.08004270767353636
0.15415067982725836
0.22314355131420976
0.28768207245178085
0.3483066942682158
0.4054651081081644
0.45953232937844013
0.5108256237659907
0.5596157879354227
0.6061358035703155
0.6505875661411494
0.6931471805599453
0.7339691750802005
0.7731898882334817
0.8109302162163288
0.8472978603872037
0.8823891801984737
0.9162907318741551
0.949080554697146
0.9808292530117262
1.0116009116784799
1.0414538748281612
1.0704414117014134
1.0986122886681098
1.1260112628562242
1.1526795099383853
1.1786549963416462
1.2039728043259361
1.2286654169163074
1.252762968495368
1.2762934659055623
1.2992829841302609
1.3217558399823195
1.3437347467010947
1.3652409519220583
1.3862943611198906
1.4069136483226263
1.4271163556401458
1.4469189829363254
1.466337068793427
1.4853852637641216
1.5040773967762742
1.5224265354444706
1.540445040947149
1.55814461804655
1.575536360758419
1.5926307941177191
1.6094379124341003
0
0.08004270767353636
0.15415067982725836
0.22314355131420976
0.28768207245178085
0.3483066942682158
0.4054651081081644
0.45953232937844013
0.5108256237659907
0.5596157879354227
0.6061358035703155
0.6505875661411494
0.6931471805599453
0.7339691750802005
0.7731898882334817
0.8109302162163288
0.8472978603872037
0.8823891801984737
0.9162907318741551
0.949080554697146
0.9808292530117262
1.0116009116784799
1.0414538748281612
1.0704414117014134
1.0986122886681098
1.1260112628562242
1.1526795099383853
1.1786549963416462
1.2039728043259361
1.2286654169163074
1.252762968495368
1.2762934659055623
1.2992829841302609
1.3217558399823195
1.3437347467010947
1.3652409519220583
1.3862943611198906
1.4069136483226263
1.4271163556401458
1.4469189829363254
1.466337068793427
1.4853852637641216
1.5040773967762742
1.5224265354444706
1.540445040947149
1.55814461804655
1.575536360758419
1.5926307941177191
1.6094379124341003
0
0.08004270767353636
0.15415067982725836
0.22314355131420976
0.28768207245178085
0.3483066942682158
0.4054651081081644
0.45953232937844013
0.5108256237659907
0.5596157879354227
0.6061358035703155
0.6505875661411494
0.6931471805599453
0.7339691750802005
0.7731898882334817
0.8109302162163288
0.8472978603872037
0.8823891801984737
0.9162907318741551
0.949080554697146
0.9808292530117262
1.0116009116784799
1.0414538748281612
1.0704414117014134
1.0986122886681098
1.1260112628562242
1.1526795099383853
1.1786549963416462
1.2039728043259361
1.2286654169163074
1.252762968495368
1.2762934659055623
1.2992829841302609
1.3217558399823195
1.3437347467010947
1.3652409519220583
1.3862943611198906
1.4069136483226263
1.4271163556401458
1.4469189829363254
1.466337068793427
1.4853852637641216
1.5040773967762742
1.5224265354444706
1.540445040947149
1.55814461804655
1.575536360758419
1.5926307941177191
1.6094379124341003
0
0.08004270767353636
0.15415067982725836
0.22314355131420976
0.28768207245178085
0.3483066942682158
0.4054651081081644
0.45953232937844013
0.5108256237659907
0.5596157879354227
0.6061358035703155
0.6505875661411494
0.6931471805599453
0.7339691750802005
0.7731898882334817
0.8109302162163288
0.8472978603872037
0.8823891801984737
0.9162907318741551
0.949080554697146
0.9808292530117262
1.0116009116784799
1.0414538748281612
1.0704414117014134
1.0986122886681098
1.1260112628562242
1.1526795099383853
1.1786549963416462
1.2039728043259361
1.2286654169163074
1.252762968495368
1.2762934659055623
1.2992829841302609
1.3217558399823195
1.3437347467010947
1.3652409519220583
1.3862943611198906
1.4069136483226263
1.4271163556401458
1.4469189829363254
1.466337068793427
1.4853852637641216
1.5040773967762742
1.5224265354444706
1.540445040947149
1.55814461804655
1.575536360758419
1.5926307941177191
1.6094379124341003
0
0.08004270767353636
0.15415067982725836
0.22314355131420976
0.28768207245178085
0.3483066942682158
0.4054651081081644
0.45953232937844013
0.5108256237659907
0.5596157879354227
0.6061358035703155
0.6505875661411494
0.6931471805599453
0.7339691750802005
0.7731898882334817
0.8109302162163288
0.8472978603872037
0.8823891801984737
0.9162907318741551
0.949080554697146
0.9808292530117262
1.0116009116784799
1.0414538748281612
1.0704414117014134
1.0986122886681098
1.1260112628562242
1.1526795099383853
1.1786549963416462
1.2039728043259361
1.2286654169163074
1.252762968495368
1.2762934659055623
1.2992829841302609
1.3217558399823195
1.3437347467010947
1.3652409519220583
1.3862943611198906
1.4069136483226263
1.4271163556401458
1.4469189829363254
1.466337068793427
1.4853852637641216
1.5040773967762742
1.5224265354444706
1.540445040947149
1.55814461804655
1.575536360758419
1.5926307941177191
1.6094379124341003
0
0.08004270767353636
0.15415067982725836
0.22314355131420976
0.28768207245178085
0.3483066942682158
0.4054651081081644
0.45953232937844013
0.5108256237659907
0.5596157879354227
0.6061358035703155
0.6505875661411494
0.6931471805599453
0.7339691750802005
0.7731898882334817
0.8109302162163288
0.8472978603872037
0.8823891801984737
0.9162907318741551
0.949080554697146
0.9808292530117262
1.0116009116784799
1.0414538748281612
1.0704414117014134
1.0986122886681098
1.1260112628562242
1.1526795099383853
1.1786549963416462
1.2039728043259361
1.2286654169163074
1.252762968495368
1.2762934659055623
1.2992829841302609
1.3217558399823195
1.3437347467010947
1.3652409519220583
1.3862943611198906
1.4069136483226263
1.4271163556401458
1.4469189829363254
1.466337068793427
1.4853852637641216
1.5040773967762742
1.5224265354444706
1.540445040947149
1.55814461804655
1.575536360758419
1.5926307941177191
1.6094379124341003
0
0.08004270767353636
0.15415067982725836
0.22314355131420976
0.28768207245178085
0.3483066942682158
0.4054651081081644
0.45953232937844013
0.5108256237659907
0.5596157879354227
0.6061358035703155
0.6505875661411494
0.6931471805599453
0.7339691750802005
0.7731898882334817
0.8109302162163288
0.8472978603872037
0.8823891801984737
0.9162907318741551
0.949080554697146
0.9808292530117262
1.0116009116784799
1.0414538748281612
1.0704414117014134
1.0986122886681098
1.1260112628562242
1.1526795099383853
1.1786549963416462
1.2039728043259361
1.2286654169163074
1.252762968495368
1.2762934659055623
1.2992829841302609
1.3217558399823195
1.3437347467010947
1.3652409519220583
1.3862943611198906
1.4069136483226263
1.4271163556401458
1.4469189829363254
1.466337068793427
1.4853852637641216
1.5040773967762742
1.5224265354444706
1.540445040947149
1.55814461804655
1.575536360758419
1.5926307941177191
1.6094379124341003
0
0.08004270767353636
0.15415067982725836
0.22314355131420976
0.28768207245178085
0.3483066942682158
0.4054651081081644
0.45953232937844013
0.5108256237659907
0.5596157879354227
0.6061358035703155
0.6505875661411494
0.6931471805599453
0.7339691750802005
0.7731898882334817
0.8109302162163288
0.8472978603872037
0.8823891801984737
0.9162907318741551
0.949080554697146
0.9808292530117262
1.0116009116784799
1.0414538748281612
1.0704414117014134
1.0986122886681098
1.1260112628562242
1.1526795099383853
1.1786549963416462
1.2039728043259361
1.2286654169163074
1.252762968495368
1.2762934659055623
1.2992829841302609
1.3217558399823195
1.3437347467010947
1.3652409519220583
1.3862943611198906
1.4069136483226263
1.4271163556401458
1.4469189829363254
1.466337068793427
1.4853852637641216
1.5040773967762742
1.5224265354444706
1.540445040947149
1.55814461804655
1.575536360758419
1.5926307941177191
1.6094379124341003
