0) 0
1) 0.15421127912457122
2) 0.287682247579901
3) 0.40548539857262966
4) 0.5108425051820754
5) 0.6061346214428113
6) 0.693152462342204
7) 0.7731957043909905
8) 0.8472972775768394
9) 0.9162924885995115
10) 0.9808316845260489
11) 1.041453502687465
12) 1.0986129752770406
13) 1.1526806747634453
14) 1.203972556252816
15) 1.2527632731851865
16) 1.299283609395412
17) 1.343734586756274
18) 1.3862945202315426
19) 1.4271167324589353
20) 1.4663369766327998
21) 1.5040775025530653
22) 1.5404453038379595
23) 1.5755363186015363
24) 1.6094379124340998
25) 0
26) 0.15419938251521262
27) 0.287694900330896
28) 0.40546243939429455
29) 0.5108380811730554
30) 0.6061384522204587
31) 0.6931462571070929
32) 0.7731942572215202
33) 0.8472986618130323
34) 0.9162902101667417
35) 0.9808310763591331
36) 1.0414541216623223
37) 1.0986119514669535
38) 1.1526803749914147
39) 1.2039728740893232
40) 1.252762747179814
41) 1.2992834446568207
42) 1.3437347665278887
43) 1.386294222950881
44) 1.4271166344574149
45) 1.466337085936781
46) 1.5040773228512228
47) 1.5404452407836169
48) 1.5755363957994777
49) 1.6094379124340998
50) 0
51) 0.15417934219941193
52) 0.2877122901722199
53) 0.40546002752067767
54) 0.510832855908993
55) 0.6061429179697304
56) 0.6931456623246777
57) 0.7731923957515565
58) 0.8473002964201825
59) 0.9162900217227481
60) 0.9808302599274928
61) 1.0414548567665534
62) 1.0986118777412133
63) 1.152679962618195
64) 1.203973252219154
65) 1.2527627137407313
66) 1.2992832144167104
67) 1.3437349804516807
68) 1.3862942060533345
69) 1.4271164959705223
70) 1.4663372159310344
71) 1.5040773137317407
72) 1.540445152674493
73) 1.5755364797941116
74) 1.6094379124340998
75) 0
76) 0.15417632171329562
77) 0.28770837387605525
78) 0.4054741988238435
79) 0.5108326733491364
80) 0.6061417980874921
81) 0.6931497891608295
82) 0.773192314516437
83) 0.8472999077614736
84) 0.9162916421930987
85) 0.9808302260774822
86) 1.0414546911944254
87) 1.0986126432521441
88) 1.152679946985305
89) 1.2039731707364014
90) 1.2527631221526188
91) 1.2992832063481832
92) 1.3437349359058453
93) 1.3862944437135467
94) 1.4271164914283092
95) 1.4663371896052857
96) 1.5040774609530074
97) 1.54044515064115
98) 1.575536458392311
99) 1.6094379124340998
100) 0
101) 0.15418437568561874
102) 0.28770916184216017
103) 0.4054603455060917
104) 0.5108336840469149
105) 0.6061420056639106
106) 0.6931456577377921
107) 0.7731927574617184
108) 0.8472999828776862
109) 0.9162900141042754
110) 0.9808304468456795
111) 1.0414547276162274
112) 1.0986118755246563
113) 1.1526800677496767
114) 1.2039731907302524
115) 1.2527627134432735
116) 1.2992832773741343
117) 1.3437349477176703
118) 1.3862942062618893
119) 1.4271165357303037
120) 1.4663371970731396
121) 1.5040773142229462
122) 1.540445178909659
123) 1.5755364691460312
124) 1.6094379124340998
125) 0
126) 0.15417469357455144
127) 0.2877179335690231
128) 0.4054610866093379
129) 0.5108314290600934
130) 0.606144249766478
131) 0.6931457925820401
132) 0.7731918985250749
133) 0.847300796674679
134) 0.9162900522046141
135) 0.9808300605145205
136) 1.0414550940396894
137) 1.0986118909137397
138) 1.1526798707350074
139) 1.2039733798255465
140) 1.2527627209236607
141) 1.2992831667965645
142) 1.343735054961723
143) 1.3862942102991127
144) 1.4271164689914626
145) 1.4663372623802065
146) 1.5040773166503505
147) 1.5404451363806038
148) 1.5755365107320212
149) 1.6094379124340998
150) 0
151) 0.15417286509443695
152) 0.2877095657993399
153) 0.4054753947360371
154) 0.5108317995411101
155) 0.6061419843168799
156) 0.69314996778722
157) 0.7731919589920208
158) 0.8472999770974122
159) 0.9162916848239397
160) 0.9808300755668525
161) 1.041454733175401
162) 1.0986126610217504
163) 1.152679876387407
164) 1.203973197768823
165) 1.2527631315429095
166) 1.2992831694268598
167) 1.3437349535106278
168) 1.3862944491544689
169) 1.4271164703950454
170) 1.4663372014895515
171) 1.5040774645324542
172) 1.5404451383025497
173) 1.5755364668845249
174) 1.6094379124340998
175) 0
176) 0.15418214930435892
177) 0.28770976601091025
178) 0.4054611141265461
179) 0.5108332228376231
180) 0.6061420747941014
181) 0.6931457351607557
182) 0.7731925322603079
183) 0.8472999958111201
184) 0.9162900238781836
185) 0.9808303494799107
186) 1.0414547411047177
187) 1.0986118804484377
188) 1.1526800230851681
189) 1.2039732022787561
190) 1.2527627170583007
191) 1.2992832546298725
192) 1.3437349562594472
193) 1.386294208813218
194) 1.4271165230955032
195) 1.4663372033167412
196) 1.504077316252169
197) 1.5404451717276977
198) 1.575536473656215
199) 1.6094379124340998
200) 0
201) 0.15417256266890905
202) 0.287718491985466
203) 0.40546184442908845
204) 0.5108309926148468
205) 0.6061443102729815
206) 0.6931458683964624
207) 0.7731916794032001
208) 0.847300806897964
209) 0.9162900615694055
210) 0.9808299651589326
211) 1.0414551064664175
212) 1.0986118956978788
213) 1.1526798268858345
214) 1.2039733908920718
215) 1.2527627244827626
216) 1.2992831444332769
217) 1.3437350632601177
218) 1.386294212825243
219) 1.4271164565538568
220) 1.4663372684903544
221) 1.504077318667087
222) 1.5404451293080093
223) 1.5755365151572158
224) 1.6094379124340998
225) 0
226) 0.15416950704715493
227) 0.28771074967050464
228) 0.40547655197928734
229) 0.5108309423807192
230) 0.606142172655243
231) 0.6931501402514831
232) 0.7731916079089075
233) 0.847300046191941
234) 0.9162917259120339
235) 0.9808299265463052
236) 1.0414547748709562
237) 1.098612678272805
238) 1.1526798063926313
239) 1.2039732246243215
240) 1.2527631407272606
241) 1.299283132786302
242) 1.3437349710115416
243) 1.386294454503035
244) 1.427116449506432
245) 1.4663372133116144
246) 1.5040774680666942
247) 1.5404451260395546
248) 1.5755364753362298
249) 1.6094379124340998
250) 0
251) 0.15417359820895762
252) 0.2877101469071792
253) 0.40546212336708143
254) 0.5108309755574508
255) 0.6061423494247479
256) 0.693145856214681
257) 0.7731916913679017
258) 0.8473000850217133
259) 0.9162900521558994
260) 0.9808299858444225
261) 1.0414547894146906
262) 1.0986118929046096
263) 1.1526798440572037
264) 1.2039732320079166
265) 1.2527627239616166
266) 1.299283156785191
267) 1.343734975297394
268) 1.3862942129348763
269) 1.427116465237109
270) 1.4663372160805803
271) 1.5040773191120382
272) 1.5404451358972715
273) 1.5755364834601724
274) 1.6094379124340998
275) 0
276) 0.15415483813893996
277) 0.2877263095909461
278) 0.4054597902288512
279) 0.5108258800026466
280) 0.6061465854360802
281) 0.6931452772087593
282) 0.7731898765317665
283) 0.8473016551442171
284) 0.9162898675380221
285) 0.9808291880844288
286) 1.0414555010552857
287) 1.0986118204015876
288) 1.1526794401530642
289) 1.203973600016566
290) 1.2527626909950325
291) 1.2992829307988316
292) 1.3437351842944505
293) 1.3862941962460527
294) 1.42711632906613
295) 1.4663373434499116
296) 1.504077310091951
297) 1.5404450491355783
298) 1.5755365660319824
299) 1.6094379124340998
300) 0
301) 0.1541354746247753
302) 0.28773621267764
303) 0.40546572613672893
304) 0.5108212792979373
305) 0.6061492158992251
306) 0.6931475371725384
307) 0.7731882642213325
308) 0.8473026385703617
309) 0.9162908966882133
310) 0.9808284844139151
311) 1.0414559494751272
312) 1.0986123517814559
313) 1.1526790855390052
314) 1.2039738330461847
315) 1.2527629918418124
316) 1.299282733077858
317) 1.343735317182951
318) 1.3862943789357816
319) 1.42711621024408
320) 1.4663374246842407
321) 1.5040774269240602
322) 1.5404449738493446
323) 1.5755366142045208
324) 1.6094379124340998
