1 0
1.0833333333333333 0
1.1666666666666667 0
1.25 0
1.3333333333333333 0
1.4166666666666667 0
1.5 0
1.5833333333333333 0
1.6666666666666667 0
1.75 0
1.8333333333333333 0
1.9166666666666667 0
2 0
2.0833333333333335 0
2.1666666666666665 0
2.25 0
2.3333333333333335 0
2.4166666666666665 0
2.5 0
2.5833333333333335 0
2.6666666666666665 0
2.75 0
2.8333333333333335 0
2.9166666666666665 0
3 0
3.0833333333333335 0
3.1666666666666665 0
3.25 0
3.3333333333333335 0
3.4166666666666665 0
3.5 0
3.5833333333333335 0
3.6666666666666665 0
3.75 0
3.8333333333333335 0
3.9166666666666665 0
4 0
4.083333333333333 0
4.166666666666667 0
4.25 0
4.333333333333333 0
4.416666666666667 0
4.5 0
4.583333333333333 0
4.666666666666667 0
4.75 0
4.833333333333333 0
4.916666666666667 0
5 0
1 0.041666666666666664
1.0833333333333333 0.041666666666666664
1.1666666666666667 0.041666666666666664
1.25 0.041666666666666664
1.3333333333333333 0.041666666666666664
1.4166666666666667 0.041666666666666664
1.5 0.041666666666666664
1.5833333333333333 0.041666666666666664
1.6666666666666667 0.041666666666666664
1.75 0.041666666666666664
1.8333333333333333 0.041666666666666664
1.9166666666666667 0.041666666666666664
2 0.041666666666666664
2.0833333333333335 0.041666666666666664
2.1666666666666665 0.041666666666666664
2.25 0.041666666666666664
2.3333333333333335 0.041666666666666664
2.4166666666666665 0.041666666666666664
2.5 0.041666666666666664
2.5833333333333335 0.041666666666666664
2.6666666666666665 0.041666666666666664
2.75 0.041666666666666664
2.8333333333333335 0.041666666666666664
2.9166666666666665 0.041666666666666664
3 0.041666666666666664
3.0833333333333335 0.041666666666666664
3.1666666666666665 0.041666666666666664
3.25 0.041666666666666664
3.3333333333333335 0.041666666666666664
3.4166666666666665 0.041666666666666664
3.5 0.041666666666666664
3.5833333333333335 0.041666666666666664
3.6666666666666665 0.041666666666666664
3.75 0.041666666666666664
3.8333333333333335 0.041666666666666664
3.9166666666666665 0.041666666666666664
4 0.041666666666666664
4.083333333333333 0.041666666666666664
4.166666666666667 0.041666666666666664
4.25 0.041666666666666664
4.333333333333333 0.041666666666666664
4.416666666666667 0.041666666666666664
4.5 0.041666666666666664
4.583333333333333 0.041666666666666664
4.666666666666667 0.041666666666666664
4.75 0.041666666666666664
4.833333333333333 0.041666666666666664
4.916666666666667 0.041666666666666664
5 0.041666666666666664
1 0.08333333333333333
1.0833333333333333 0.08333333333333333
1.1666666666666667 0.08333333333333333
1.25 0.08333333333333333
1.3333333333333333 0.08333333333333333
1.4166666666666667 0.08333333333333333
1.5 0.08333333333333333
1.5833333333333333 0.08333333333333333
1.6666666666666667 0.08333333333333333
1.75 0.08333333333333333
1.8333333333333333 0.08333333333333333
1.9166666666666667 0.08333333333333333
2 0.08333333333333333
2.0833333333333335 0.08333333333333333
2.1666666666666665 0.08333333333333333
2.25 0.08333333333333333
2.3333333333333335 0.08333333333333333
2.4166666666666665 0.08333333333333333
2.5 0.08333333333333333
2.5833333333333335 0.08333333333333333
2.6666666666666665 0.08333333333333333
2.75 0.08333333333333333
2.8333333333333335 0.08333333333333333
2.9166666666666665 0.08333333333333333
3 0.08333333333333333
3.0833333333333335 0.08333333333333333
3.1666666666666665 0.08333333333333333
3.25 0.08333333333333333
3.3333333333333335 0.08333333333333333
3.4166666666666665 0.08333333333333333
3.5 0.08333333333333333
3.5833333333333335 0.08333333333333333
3.6666666666666665 0.08333333333333333
3.75 0.08333333333333333
3.8333333333333335 0.08333333333333333
3.9166666666666665 0.08333333333333333
4 0.08333333333333333
4.083333333333333 0.08333333333333333
4.166666666666667 0.08333333333333333
4.25 0.08333333333333333
4.333333333333333 0.08333333333333333
4.416666666666667 0.08333333333333333
4.5 0.08333333333333333
4.583333333333333 0.08333333333333333
4.666666666666667 0.08333333333333333
4.75 0.08333333333333333
4.833333333333333 0.08333333333333333
4.916666666666667 0.08333333333333333
5 0.08333333333333333
1 0.125
1.0833333333333333 0.125
1.1666666666666667 0.125
1.25 0.125
1.3333333333333333 0.125
1.4166666666666667 0.125
1.5 0.125
1.5833333333333333 0.125
1.6666666666666667 0.125
1.75 0.125
1.8333333333333333 0.125
1.9166666666666667 0.125
2 0.125
2.0833333333333335 0.125
2.1666666666666665 0.125
2.25 0.125
2.3333333333333335 0.125
2.4166666666666665 0.125
2.5 0.125
2.5833333333333335 0.125
2.6666666666666665 0.125
2.75 0.125
2.8333333333333335 0.125
2.9166666666666665 0.125
3 0.125
3.0833333333333335 0.125
3.1666666666666665 0.125
3.25 0.125
3.3333333333333335 0.125
3.4166666666666665 0.125
3.5 0.125
3.5833333333333335 0.125
3.6666666666666665 0.125
3.75 0.125
3.8333333333333335 0.125
3.9166666666666665 0.125
4 0.125
4.083333333333333 0.125
4.166666666666667 0.125
4.25 0.125
4.333333333333333 0.125
4.416666666666667 0.125
4.5 0.125
4.583333333333333 0.125
4.666666666666667 0.125
4.75 0.125
4.833333333333333 0.125
4.916666666666667 0.125
5 0.125
1 0.16666666666666666
1.0833333333333333 0.16666666666666666
1.1666666666666667 0.16666666666666666
1.25 0.16666666666666666
1.3333333333333333 0.16666666666666666
1.4166666666666667 0.16666666666666666
1.5 0.16666666666666666
1.5833333333333333 0.16666666666666666
1.6666666666666667 0.16666666666666666
1.75 0.16666666666666666
1.8333333333333333 0.16666666666666666
1.9166666666666667 0.16666666666666666
2 0.16666666666666666
2.0833333333333335 0.16666666666666666
2.1666666666666665 0.16666666666666666
2.25 0.16666666666666666
2.3333333333333335 0.16666666666666666
2.4166666666666665 0.16666666666666666
2.5 0.16666666666666666
2.5833333333333335 0.16666666666666666
2.6666666666666665 0.16666666666666666
2.75 0.16666666666666666
2.8333333333333335 0.16666666666666666
2.9166666666666665 0.16666666666666666
3 0.16666666666666666
3.0833333333333335 0.16666666666666666
3.1666666666666665 0.16666666666666666
3.25 0.16666666666666666
3.3333333333333335 0.16666666666666666
3.4166666666666665 0.16666666666666666
3.5 0.16666666666666666
3.5833333333333335 0.16666666666666666
3.6666666666666665 0.16666666666666666
3.75 0.16666666666666666
3.8333333333333335 0.16666666666666666
3.9166666666666665 0.16666666666666666
4 0.16666666666666666
4.083333333333333 0.16666666666666666
4.166666666666667 0.16666666666666666
4.25 0.16666666666666666
4.333333333333333 0.16666666666666666
4.416666666666667 0.16666666666666666
4.5 0.16666666666666666
4.583333333333333 0.16666666666666666
4.666666666666667 0.16666666666666666
4.75 0.16666666666666666
4.833333333333333 0.16666666666666666
4.916666666666667 0.16666666666666666
5 0.16666666666666666
1 0.20833333333333334
1.0833333333333333 0.20833333333333334
1.1666666666666667 0.20833333333333334
1.25 0.20833333333333334
1.3333333333333333 0.20833333333333334
1.4166666666666667 0.20833333333333334
1.5 0.20833333333333334
1.5833333333333333 0.20833333333333334
1.6666666666666667 0.20833333333333334
1.75 0.20833333333333334
1.8333333333333333 0.20833333333333334
1.9166666666666667 0.20833333333333334
2 0.20833333333333334
2.0833333333333335 0.20833333333333334
2.1666666666666665 0.20833333333333334
2.25 0.20833333333333334
2.3333333333333335 0.20833333333333334
2.4166666666666665 0.20833333333333334
2.5 0.20833333333333334
2.5833333333333335 0.20833333333333334
2.6666666666666665 0.20833333333333334
2.75 0.20833333333333334
2.8333333333333335 0.20833333333333334
2.9166666666666665 0.20833333333333334
3 0.20833333333333334
3.0833333333333335 0.20833333333333334
3.1666666666666665 0.20833333333333334
3.25 0.20833333333333334
3.3333333333333335 0.20833333333333334
3.4166666666666665 0.20833333333333334
3.5 0.20833333333333334
3.5833333333333335 0.20833333333333334
3.6666666666666665 0.20833333333333334
3.75 0.20833333333333334
3.8333333333333335 0.20833333333333334
3.9166666666666665 0.20833333333333334
4 0.20833333333333334
4.083333333333333 0.20833333333333334
4.166666666666667 0.20833333333333334
4.25 0.20833333333333334
4.333333333333333 0.20833333333333334
4.416666666666667 0.20833333333333334
4.5 0.20833333333333334
4.583333333333333 0.20833333333333334
4.666666666666667 0.20833333333333334
4.75 0.20833333333333334
4.833333333333333 0.20833333333333334
4.916666666666667 0.20833333333333334
5 0.20833333333333334
1 0.25
1.0833333333333333 0.25
1.1666666666666667 0.25
1.25 0.25
1.3333333333333333 0.25
1.4166666666666667 0.25
1.5 0.25
1.5833333333333333 0.25
1.6666666666666667 0.25
1.75 0.25
1.8333333333333333 0.25
1.9166666666666667 0.25
2 0.25
2.0833333333333335 0.25
2.1666666666666665 0.25
2.25 0.25
2.3333333333333335 0.25
2.4166666666666665 0.25
2.5 0.25
2.5833333333333335 0.25
2.6666666666666665 0.25
2.75 0.25
2.8333333333333335 0.25
2.9166666666666665 0.25
3 0.25
3.0833333333333335 0.25
3.1666666666666665 0.25
3.25 0.25
3.3333333333333335 0.25
3.4166666666666665 0.25
3.5 0.25
3.5833333333333335 0.25
3.6666666666666665 0.25
3.75 0.25
3.8333333333333335 0.25
3.9166666666666665 0.25
4 0.25
4.083333333333333 0.25
4.166666666666667 0.25
4.25 0.25
4.333333333333333 0.25
4.416666666666667 0.25
4.5 0.25
4.583333333333333 0.25
4.666666666666667 0.25
4.75 0.25
4.833333333333333 0.25
4.916666666666667 0.25
5 0.25
1 0.2916666666666667
1.0833333333333333 0.2916666666666667
1.1666666666666667 0.2916666666666667
1.25 0.2916666666666667
1.3333333333333333 0.2916666666666667
1.4166666666666667 0.2916666666666667
1.5 0.2916666666666667
1.5833333333333333 0.2916666666666667
1.6666666666666667 0.2916666666666667
1.75 0.2916666666666667
1.8333333333333333 0.2916666666666667
1.9166666666666667 0.2916666666666667
2 0.2916666666666667
2.0833333333333335 0.2916666666666667
2.1666666666666665 0.2916666666666667
2.25 0.2916666666666667
2.3333333333333335 0.2916666666666667
2.4166666666666665 0.2916666666666667
2.5 0.2916666666666667
2.5833333333333335 0.2916666666666667
2.6666666666666665 0.2916666666666667
2.75 0.2916666666666667
2.8333333333333335 0.2916666666666667
2.9166666666666665 0.2916666666666667
3 0.2916666666666667
3.0833333333333335 0.2916666666666667
3.1666666666666665 0.2916666666666667
3.25 0.2916666666666667
3.3333333333333335 0.2916666666666667
3.4166666666666665 0.2916666666666667
3.5 0.2916666666666667
3.5833333333333335 0.2916666666666667
3.6666666666666665 0.2916666666666667
3.75 0.2916666666666667
3.8333333333333335 0.2916666666666667
3.9166666666666665 0.2916666666666667
4 0.2916666666666667
4.083333333333333 0.2916666666666667
4.166666666666667 0.2916666666666667
4.25 0.2916666666666667
4.333333333333333 0.2916666666666667
4.416666666666667 0.2916666666666667
4.5 0.2916666666666667
4.583333333333333 0.2916666666666667
4.666666666666667 0.2916666666666667
4.75 0.2916666666666667
4.833333333333333 0.2916666666666667
4.916666666666667 0.2916666666666667
5 0.2916666666666667
1 0.3333333333333333
1.0833333333333333 0.3333333333333333
1.1666666666666667 0.3333333333333333
1.25 0.3333333333333333
1.3333333333333333 0.3333333333333333
1.4166666666666667 0.3333333333333333
1.5 0.3333333333333333
1.5833333333333333 0.3333333333333333
1.6666666666666667 0.3333333333333333
1.75 0.3333333333333333
1.8333333333333333 0.3333333333333333
1.9166666666666667 0.3333333333333333
2 0.3333333333333333
2.0833333333333335 0.3333333333333333
2.1666666666666665 0.3333333333333333
2.25 0.3333333333333333
2.3333333333333335 0.3333333333333333
2.4166666666666665 0.3333333333333333
2.5 0.3333333333333333
2.5833333333333335 0.3333333333333333
2.6666666666666665 0.3333333333333333
2.75 0.3333333333333333
2.8333333333333335 0.3333333333333333
2.9166666666666665 0.3333333333333333
3 0.3333333333333333
3.0833333333333335 0.3333333333333333
3.1666666666666665 0.3333333333333333
3.25 0.3333333333333333
3.3333333333333335 0.3333333333333333
3.4166666666666665 0.3333333333333333
3.5 0.3333333333333333
3.5833333333333335 0.3333333333333333
3.6666666666666665 0.3333333333333333
3.75 0.3333333333333333
3.8333333333333335 0.3333333333333333
3.9166666666666665 0.3333333333333333
4 0.3333333333333333
4.083333333333333 0.3333333333333333
4.166666666666667 0.3333333333333333
4.25 0.3333333333333333
4.333333333333333 0.3333333333333333
4.416666666666667 0.3333333333333333
4.5 0.3333333333333333
4.583333333333333 0.3333333333333333
4.666666666666667 0.3333333333333333
4.75 0.3333333333333333
4.833333333333333 0.3333333333333333
4.916666666666667 0.3333333333333333
5 0.3333333333333333
1 0.375
1.0833333333333333 0.375
1.1666666666666667 0.375
1.25 0.375
1.3333333333333333 0.375
1.4166666666666667 0.375
1.5 0.375
1.5833333333333333 0.375
1.6666666666666667 0.375
1.75 0.375
1.8333333333333333 0.375
1.9166666666666667 0.375
2 0.375
2.0833333333333335 0.375
2.1666666666666665 0.375
2.25 0.375
2.3333333333333335 0.375
2.4166666666666665 0.375
2.5 0.375
2.5833333333333335 0.375
2.6666666666666665 0.375
2.75 0.375
2.8333333333333335 0.375
2.9166666666666665 0.375
3 0.375
3.0833333333333335 0.375
3.1666666666666665 0.375
3.25 0.375
3.3333333333333335 0.375
3.4166666666666665 0.375
3.5 0.375
3.5833333333333335 0.375
3.6666666666666665 0.375
3.75 0.375
3.8333333333333335 0.375
3.9166666666666665 0.375
4 0.375
4.083333333333333 0.375
4.166666666666667 0.375
4.25 0.375
4.333333333333333 0.375
4.416666666666667 0.375
4.5 0.375
4.583333333333333 0.375
4.666666666666667 0.375
4.75 0.375
4.833333333333333 0.375
4.916666666666667 0.375
5 0.375
1 0.4166666666666667
1.0833333333333333 0.4166666666666667
1.1666666666666667 0.4166666666666667
1.25 0.4166666666666667
1.3333333333333333 0.4166666666666667
1.4166666666666667 0.4166666666666667
1.5 0.4166666666666667
1.5833333333333333 0.4166666666666667
1.6666666666666667 0.4166666666666667
1.75 0.4166666666666667
1.8333333333333333 0.4166666666666667
1.9166666666666667 0.4166666666666667
2 0.4166666666666667
2.0833333333333335 0.4166666666666667
2.1666666666666665 0.4166666666666667
2.25 0.4166666666666667
2.3333333333333335 0.4166666666666667
2.4166666666666665 0.4166666666666667
2.5 0.4166666666666667
2.5833333333333335 0.4166666666666667
2.6666666666666665 0.4166666666666667
2.75 0.4166666666666667
2.8333333333333335 0.4166666666666667
2.9166666666666665 0.4166666666666667
3 0.4166666666666667
3.0833333333333335 0.4166666666666667
3.1666666666666665 0.4166666666666667
3.25 0.4166666666666667
3.3333333333333335 0.4166666666666667
3.4166666666666665 0.4166666666666667
3.5 0.4166666666666667
3.5833333333333335 0.4166666666666667
3.6666666666666665 0.4166666666666667
3.75 0.4166666666666667
3.8333333333333335 0.4166666666666667
3.9166666666666665 0.4166666666666667
4 0.4166666666666667
4.083333333333333 0.4166666666666667
4.166666666666667 0.4166666666666667
4.25 0.4166666666666667
4.333333333333333 0.4166666666666667
4.416666666666667 0.4166666666666667
4.5 0.4166666666666667
4.583333333333333 0.4166666666666667
4.666666666666667 0.4166666666666667
4.75 0.4166666666666667
4.833333333333333 0.4166666666666667
4.916666666666667 0.4166666666666667
5 0.4166666666666667
1 0.4583333333333333
1.0833333333333333 0.4583333333333333
1.1666666666666667 0.4583333333333333
1.25 0.4583333333333333
1.3333333333333333 0.4583333333333333
1.4166666666666667 0.4583333333333333
1.5 0.4583333333333333
1.5833333333333333 0.4583333333333333
1.6666666666666667 0.4583333333333333
1.75 0.4583333333333333
1.8333333333333333 0.4583333333333333
1.9166666666666667 0.4583333333333333
2 0.4583333333333333
2.0833333333333335 0.4583333333333333
2.1666666666666665 0.4583333333333333
2.25 0.4583333333333333
2.3333333333333335 0.4583333333333333
2.4166666666666665 0.4583333333333333
2.5 0.4583333333333333
2.5833333333333335 0.4583333333333333
2.6666666666666665 0.4583333333333333
2.75 0.4583333333333333
2.8333333333333335 0.4583333333333333
2.9166666666666665 0.4583333333333333
3 0.4583333333333333
3.0833333333333335 0.4583333333333333
3.1666666666666665 0.4583333333333333
3.25 0.4583333333333333
3.3333333333333335 0.4583333333333333
3.4166666666666665 0.4583333333333333
3.5 0.4583333333333333
3.5833333333333335 0.4583333333333333
3.6666666666666665 0.4583333333333333
3.75 0.4583333333333333
3.8333333333333335 0.4583333333333333
3.9166666666666665 0.4583333333333333
4 0.4583333333333333
4.083333333333333 0.4583333333333333
4.166666666666667 0.4583333333333333
4.25 0.4583333333333333
4.333333333333333 0.4583333333333333
4.416666666666667 0.4583333333333333
4.5 0.4583333333333333
4.583333333333333 0.4583333333333333
4.666666666666667 0.4583333333333333
4.75 0.4583333333333333
4.833333333333333 0.4583333333333333
4.916666666666667 0.4583333333333333
5 0.4583333333333333
1 0.5
1.0833333333333333 0.5
1.1666666666666667 0.5
1.25 0.5
1.3333333333333333 0.5
1.4166666666666667 0.5
1.5 0.5
1.5833333333333333 0.5
1.6666666666666667 0.5
1.75 0.5
1.8333333333333333 0.5
1.9166666666666667 0.5
2 0.5
2.0833333333333335 0.5
2.1666666666666665 0.5
2.25 0.5
2.3333333333333335 0.5
2.4166666666666665 0.5
2.5 0.5
2.5833333333333335 0.5
2.6666666666666665 0.5
2.75 0.5
2.8333333333333335 0.5
2.9166666666666665 0.5
3 0.5
3.0833333333333335 0.5
3.1666666666666665 0.5
3.25 0.5
3.3333333333333335 0.5
3.4166666666666665 0.5
3.5 0.5
3.5833333333333335 0.5
3.6666666666666665 0.5
3.75 0.5
3.8333333333333335 0.5
3.9166666666666665 0.5
4 0.5
4.083333333333333 0.5
4.166666666666667 0.5
4.25 0.5
4.333333333333333 0.5
4.416666666666667 0.5
4.5 0.5
4.583333333333333 0.5
4.666666666666667 0.5
4.75 0.5
4.833333333333333 0.5
4.916666666666667 0.5
5 0.5
1 0.5416666666666666
1.0833333333333333 0.5416666666666666
1.1666666666666667 0.5416666666666666
1.25 0.5416666666666666
1.3333333333333333 0.5416666666666666
1.4166666666666667 0.5416666666666666
1.5 0.5416666666666666
1.5833333333333333 0.5416666666666666
1.6666666666666667 0.5416666666666666
1.75 0.5416666666666666
1.8333333333333333 0.5416666666666666
1.9166666666666667 0.5416666666666666
2 0.5416666666666666
2.0833333333333335 0.5416666666666666
2.1666666666666665 0.5416666666666666
2.25 0.5416666666666666
2.3333333333333335 0.5416666666666666
2.4166666666666665 0.5416666666666666
2.5 0.5416666666666666
2.5833333333333335 0.5416666666666666
2.6666666666666665 0.5416666666666666
2.75 0.5416666666666666
2.8333333333333335 0.5416666666666666
2.9166666666666665 0.5416666666666666
3 0.5416666666666666
3.0833333333333335 0.5416666666666666
3.1666666666666665 0.5416666666666666
3.25 0.5416666666666666
3.3333333333333335 0.5416666666666666
3.4166666666666665 0.5416666666666666
3.5 0.5416666666666666
3.5833333333333335 0.5416666666666666
3.6666666666666665 0.5416666666666666
3.75 0.5416666666666666
3.8333333333333335 0.5416666666666666
3.9166666666666665 0.5416666666666666
4 0.5416666666666666
4.083333333333333 0.5416666666666666
4.166666666666667 0.5416666666666666
4.25 0.5416666666666666
4.333333333333333 0.5416666666666666
4.416666666666667 0.5416666666666666
4.5 0.5416666666666666
4.583333333333333 0.5416666666666666
4.666666666666667 0.5416666666666666
4.75 0.5416666666666666
4.833333333333333 0.5416666666666666
4.916666666666667 0.5416666666666666
5 0.5416666666666666
1 0.5833333333333334
1.0833333333333333 0.5833333333333334
1.1666666666666667 0.5833333333333334
1.25 0.5833333333333334
1.3333333333333333 0.5833333333333334
1.4166666666666667 0.5833333333333334
1.5 0.5833333333333334
1.5833333333333333 0.5833333333333334
1.6666666666666667 0.5833333333333334
1.75 0.5833333333333334
1.8333333333333333 0.5833333333333334
1.9166666666666667 0.5833333333333334
2 0.5833333333333334
2.0833333333333335 0.5833333333333334
2.1666666666666665 0.5833333333333334
2.25 0.5833333333333334
2.3333333333333335 0.5833333333333334
2.4166666666666665 0.5833333333333334
2.5 0.5833333333333334
2.5833333333333335 0.5833333333333334
2.6666666666666665 0.5833333333333334
2.75 0.5833333333333334
2.8333333333333335 0.5833333333333334
2.9166666666666665 0.5833333333333334
3 0.5833333333333334
3.0833333333333335 0.5833333333333334
3.1666666666666665 0.5833333333333334
3.25 0.5833333333333334
3.3333333333333335 0.5833333333333334
3.4166666666666665 0.5833333333333334
3.5 0.5833333333333334
3.5833333333333335 0.5833333333333334
3.6666666666666665 0.5833333333333334
3.75 0.5833333333333334
3.8333333333333335 0.5833333333333334
3.9166666666666665 0.5833333333333334
4 0.5833333333333334
4.083333333333333 0.5833333333333334
4.166666666666667 0.5833333333333334
4.25 0.5833333333333334
4.333333333333333 0.5833333333333334
4.416666666666667 0.5833333333333334
4.5 0.5833333333333334
4.583333333333333 0.5833333333333334
4.666666666666667 0.5833333333333334
4.75 0.5833333333333334
4.833333333333333 0.5833333333333334
4.916666666666667 0.5833333333333334
5 0.5833333333333334
1 0.625
1.0833333333333333 0.625
1.1666666666666667 0.625
1.25 0.625
1.3333333333333333 0.625
1.4166666666666667 0.625
1.5 0.625
1.5833333333333333 0.625
1.6666666666666667 0.625
1.75 0.625
1.8333333333333333 0.625
1.9166666666666667 0.625
2 0.625
2.0833333333333335 0.625
2.1666666666666665 0.625
2.25 0.625
2.3333333333333335 0.625
2.4166666666666665 0.625
2.5 0.625
2.5833333333333335 0.625
2.6666666666666665 0.625
2.75 0.625
2.8333333333333335 0.625
2.9166666666666665 0.625
3 0.625
3.0833333333333335 0.625
3.1666666666666665 0.625
3.25 0.625
3.3333333333333335 0.625
3.4166666666666665 0.625
3.5 0.625
3.5833333333333335 0.625
3.6666666666666665 0.625
3.75 0.625
3.8333333333333335 0.625
3.9166666666666665 0.625
4 0.625
4.083333333333333 0.625
4.166666666666667 0.625
4.25 0.625
4.333333333333333 0.625
4.416666666666667 0.625
4.5 0.625
4.583333333333333 0.625
4.666666666666667 0.625
4.75 0.625
4.833333333333333 0.625
4.916666666666667 0.625
5 0.625
1 0.6666666666666666
1.0833333333333333 0.6666666666666666
1.1666666666666667 0.6666666666666666
1.25 0.6666666666666666
1.3333333333333333 0.6666666666666666
1.4166666666666667 0.6666666666666666
1.5 0.6666666666666666
1.5833333333333333 0.6666666666666666
1.6666666666666667 0.6666666666666666
1.75 0.6666666666666666
1.8333333333333333 0.6666666666666666
1.9166666666666667 0.6666666666666666
2 0.6666666666666666
2.0833333333333335 0.6666666666666666
2.1666666666666665 0.6666666666666666
2.25 0.6666666666666666
2.3333333333333335 0.6666666666666666
2.4166666666666665 0.6666666666666666
2.5 0.6666666666666666
2.5833333333333335 0.6666666666666666
2.6666666666666665 0.6666666666666666
2.75 0.6666666666666666
2.8333333333333335 0.6666666666666666
2.9166666666666665 0.6666666666666666
3 0.6666666666666666
3.0833333333333335 0.6666666666666666
3.1666666666666665 0.6666666666666666
3.25 0.6666666666666666
3.3333333333333335 0.6666666666666666
3.4166666666666665 0.6666666666666666
3.5 0.6666666666666666
3.5833333333333335 0.6666666666666666
3.6666666666666665 0.6666666666666666
3.75 0.6666666666666666
3.8333333333333335 0.6666666666666666
3.9166666666666665 0.6666666666666666
4 0.6666666666666666
4.083333333333333 0.6666666666666666
4.166666666666667 0.6666666666666666
4.25 0.6666666666666666
4.333333333333333 0.6666666666666666
4.416666666666667 0.6666666666666666
4.5 0.6666666666666666
4.583333333333333 0.6666666666666666
4.666666666666667 0.6666666666666666
4.75 0.6666666666666666
4.833333333333333 0.6666666666666666
4.916666666666667 0.6666666666666666
5 0.6666666666666666
1 0.7083333333333334
1.0833333333333333 0.7083333333333334
1.1666666666666667 0.7083333333333334
1.25 0.7083333333333334
1.3333333333333333 0.7083333333333334
1.4166666666666667 0.7083333333333334
1.5 0.7083333333333334
1.5833333333333333 0.7083333333333334
1.6666666666666667 0.7083333333333334
1.75 0.7083333333333334
1.8333333333333333 0.7083333333333334
1.9166666666666667 0.7083333333333334
2 0.7083333333333334
2.0833333333333335 0.7083333333333334
2.1666666666666665 0.7083333333333334
2.25 0.7083333333333334
2.3333333333333335 0.7083333333333334
2.4166666666666665 0.7083333333333334
2.5 0.7083333333333334
2.5833333333333335 0.7083333333333334
2.6666666666666665 0.7083333333333334
2.75 0.7083333333333334
2.8333333333333335 0.7083333333333334
2.9166666666666665 0.7083333333333334
3 0.7083333333333334
3.0833333333333335 0.7083333333333334
3.1666666666666665 0.7083333333333334
3.25 0.7083333333333334
3.3333333333333335 0.7083333333333334
3.4166666666666665 0.7083333333333334
3.5 0.7083333333333334
3.5833333333333335 0.7083333333333334
3.6666666666666665 0.7083333333333334
3.75 0.7083333333333334
3.8333333333333335 0.7083333333333334
3.9166666666666665 0.7083333333333334
4 0.7083333333333334
4.083333333333333 0.7083333333333334
4.166666666666667 0.7083333333333334
4.25 0.7083333333333334
4.333333333333333 0.7083333333333334
4.416666666666667 0.7083333333333334
4.5 0.7083333333333334
4.583333333333333 0.7083333333333334
4.666666666666667 0.7083333333333334
4.75 0.7083333333333334
4.833333333333333 0.7083333333333334
4.916666666666667 0.7083333333333334
5 0.7083333333333334
1 0.75
1.0833333333333333 0.75
1.1666666666666667 0.75
1.25 0.75
1.3333333333333333 0.75
1.4166666666666667 0.75
1.5 0.75
1.5833333333333333 0.75
1.6666666666666667 0.75
1.75 0.75
1.8333333333333333 0.75
1.9166666666666667 0.75
2 0.75
2.0833333333333335 0.75
2.1666666666666665 0.75
2.25 0.75
2.3333333333333335 0.75
2.4166666666666665 0.75
2.5 0.75
2.5833333333333335 0.75
2.6666666666666665 0.75
2.75 0.75
2.8333333333333335 0.75
2.9166666666666665 0.75
3 0.75
3.0833333333333335 0.75
3.1666666666666665 0.75
3.25 0.75
3.3333333333333335 0.75
3.4166666666666665 0.75
3.5 0.75
3.5833333333333335 0.75
3.6666666666666665 0.75
3.75 0.75
3.8333333333333335 0.75
3.9166666666666665 0.75
4 0.75
4.083333333333333 0.75
4.166666666666667 0.75
4.25 0.75
4.333333333333333 0.75
4.416666666666667 0.75
4.5 0.75
4.583333333333333 0.75
4.666666666666667 0.75
4.75 0.75
4.833333333333333 0.75
4.916666666666667 0.75
5 0.75
1 0.7916666666666666
1.0833333333333333 0.7916666666666666
1.1666666666666667 0.7916666666666666
1.25 0.7916666666666666
1.3333333333333333 0.7916666666666666
1.4166666666666667 0.7916666666666666
1.5 0.7916666666666666
1.5833333333333333 0.7916666666666666
1.6666666666666667 0.7916666666666666
1.75 0.7916666666666666
1.8333333333333333 0.7916666666666666
1.9166666666666667 0.7916666666666666
2 0.7916666666666666
2.0833333333333335 0.7916666666666666
2.1666666666666665 0.7916666666666666
2.25 0.7916666666666666
2.3333333333333335 0.7916666666666666
2.4166666666666665 0.7916666666666666
2.5 0.7916666666666666
2.5833333333333335 0.7916666666666666
2.6666666666666665 0.7916666666666666
2.75 0.7916666666666666
2.8333333333333335 0.7916666666666666
2.9166666666666665 0.7916666666666666
3 0.7916666666666666
3.0833333333333335 0.7916666666666666
3.1666666666666665 0.7916666666666666
3.25 0.7916666666666666
3.3333333333333335 0.7916666666666666
3.4166666666666665 0.7916666666666666
3.5 0.7916666666666666
3.5833333333333335 0.7916666666666666
3.6666666666666665 0.7916666666666666
3.75 0.7916666666666666
3.8333333333333335 0.7916666666666666
3.9166666666666665 0.7916666666666666
4 0.7916666666666666
4.083333333333333 0.7916666666666666
4.166666666666667 0.7916666666666666
4.25 0.7916666666666666
4.333333333333333 0.7916666666666666
4.416666666666667 0.7916666666666666
4.5 0.7916666666666666
4.583333333333333 0.7916666666666666
4.666666666666667 0.7916666666666666
4.75 0.7916666666666666
4.833333333333333 0.7916666666666666
4.916666666666667 0.7916666666666666
5 0.7916666666666666
1 0.8333333333333334
1.0833333333333333 0.8333333333333334
1.1666666666666667 0.8333333333333334
1.25 0.8333333333333334
1.3333333333333333 0.8333333333333334
1.4166666666666667 0.8333333333333334
1.5 0.8333333333333334
1.5833333333333333 0.8333333333333334
1.6666666666666667 0.8333333333333334
1.75 0.8333333333333334
1.8333333333333333 0.8333333333333334
1.9166666666666667 0.8333333333333334
2 0.8333333333333334
2.0833333333333335 0.8333333333333334
2.1666666666666665 0.8333333333333334
2.25 0.8333333333333334
2.3333333333333335 0.8333333333333334
2.4166666666666665 0.8333333333333334
2.5 0.8333333333333334
2.5833333333333335 0.8333333333333334
2.6666666666666665 0.8333333333333334
2.75 0.8333333333333334
2.8333333333333335 0.8333333333333334
2.9166666666666665 0.8333333333333334
3 0.8333333333333334
3.0833333333333335 0.8333333333333334
3.1666666666666665 0.8333333333333334
3.25 0.8333333333333334
3.3333333333333335 0.8333333333333334
3.4166666666666665 0.8333333333333334
3.5 0.8333333333333334
3.5833333333333335 0.8333333333333334
3.6666666666666665 0.8333333333333334
3.75 0.8333333333333334
3.8333333333333335 0.8333333333333334
3.9166666666666665 0.8333333333333334
4 0.8333333333333334
4.083333333333333 0.8333333333333334
4.166666666666667 0.8333333333333334
4.25 0.8333333333333334
4.333333333333333 0.8333333333333334
4.416666666666667 0.8333333333333334
4.5 0.8333333333333334
4.583333333333333 0.8333333333333334
4.666666666666667 0.8333333333333334
4.75 0.8333333333333334
4.833333333333333 0.8333333333333334
4.916666666666667 0.8333333333333334
5 0.8333333333333334
1 0.875
1.0833333333333333 0.875
1.1666666666666667 0.875
1.25 0.875
1.3333333333333333 0.875
1.4166666666666667 0.875
1.5 0.875
1.5833333333333333 0.875
1.6666666666666667 0.875
1.75 0.875
1.8333333333333333 0.875
1.9166666666666667 0.875
2 0.875
2.0833333333333335 0.875
2.1666666666666665 0.875
2.25 0.875
2.3333333333333335 0.875
2.4166666666666665 0.875
2.5 0.875
2.5833333333333335 0.875
2.6666666666666665 0.875
2.75 0.875
2.8333333333333335 0.875
2.9166666666666665 0.875
3 0.875
3.0833333333333335 0.875
3.1666666666666665 0.875
3.25 0.875
3.3333333333333335 0.875
3.4166666666666665 0.875
3.5 0.875
3.5833333333333335 0.875
3.6666666666666665 0.875
3.75 0.875
3.8333333333333335 0.875
3.9166666666666665 0.875
4 0.875
4.083333333333333 0.875
4.166666666666667 0.875
4.25 0.875
4.333333333333333 0.875
4.416666666666667 0.875
4.5 0.875
4.583333333333333 0.875
4.666666666666667 0.875
4.75 0.875
4.833333333333333 0.875
4.916666666666667 0.875
5 0.875
1 0.9166666666666666
1.0833333333333333 0.9166666666666666
1.1666666666666667 0.9166666666666666
1.25 0.9166666666666666
1.3333333333333333 0.9166666666666666
1.4166666666666667 0.9166666666666666
1.5 0.9166666666666666
1.5833333333333333 0.9166666666666666
1.6666666666666667 0.9166666666666666
1.75 0.9166666666666666
1.8333333333333333 0.9166666666666666
1.9166666666666667 0.9166666666666666
2 0.9166666666666666
2.0833333333333335 0.9166666666666666
2.1666666666666665 0.9166666666666666
2.25 0.9166666666666666
2.3333333333333335 0.9166666666666666
2.4166666666666665 0.9166666666666666
2.5 0.9166666666666666
2.5833333333333335 0.9166666666666666
2.6666666666666665 0.9166666666666666
2.75 0.9166666666666666
2.8333333333333335 0.9166666666666666
2.9166666666666665 0.9166666666666666
3 0.9166666666666666
3.0833333333333335 0.9166666666666666
3.1666666666666665 0.9166666666666666
3.25 0.9166666666666666
3.3333333333333335 0.9166666666666666
3.4166666666666665 0.9166666666666666
3.5 0.9166666666666666
3.5833333333333335 0.9166666666666666
3.6666666666666665 0.9166666666666666
3.75 0.9166666666666666
3.8333333333333335 0.9166666666666666
3.9166666666666665 0.9166666666666666
4 0.9166666666666666
4.083333333333333 0.9166666666666666
4.166666666666667 0.9166666666666666
4.25 0.9166666666666666
4.333333333333333 0.9166666666666666
4.416666666666667 0.9166666666666666
4.5 0.9166666666666666
4.583333333333333 0.9166666666666666
4.666666666666667 0.9166666666666666
4.75 0.9166666666666666
4.833333333333333 0.9166666666666666
4.916666666666667 0.9166666666666666
5 0.9166666666666666
1 0.9583333333333334
1.0833333333333333 0.9583333333333334
1.1666666666666667 0.9583333333333334
1.25 0.9583333333333334
1.3333333333333333 0.9583333333333334
1.4166666666666667 0.9583333333333334
1.5 0.9583333333333334
1.5833333333333333 0.9583333333333334
1.6666666666666667 0.9583333333333334
1.75 0.9583333333333334
1.8333333333333333 0.9583333333333334
1.9166666666666667 0.9583333333333334
2 0.9583333333333334
2.0833333333333335 0.9583333333333334
2.1666666666666665 0.9583333333333334
2.25 0.9583333333333334
2.3333333333333335 0.9583333333333334
2.4166666666666665 0.9583333333333334
2.5 0.9583333333333334
2.5833333333333335 0.9583333333333334
2.6666666666666665 0.9583333333333334
2.75 0.9583333333333334
2.8333333333333335 0.9583333333333334
2.9166666666666665 0.9583333333333334
3 0.9583333333333334
3.0833333333333335 0.9583333333333334
3.1666666666666665 0.9583333333333334
3.25 0.9583333333333334
3.3333333333333335 0.9583333333333334
3.4166666666666665 0.9583333333333334
3.5 0.9583333333333334
3.5833333333333335 0.9583333333333334
3.6666666666666665 0.9583333333333334
3.75 0.9583333333333334
3.8333333333333335 0.9583333333333334
3.9166666666666665 0.9583333333333334
4 0.9583333333333334
4.083333333333333 0.9583333333333334
4.166666666666667 0.9583333333333334
4.25 0.9583333333333334
4.333333333333333 0.9583333333333334
4.416666666666667 0.9583333333333334
4.5 0.9583333333333334
4.583333333333333 0.9583333333333334
4.666666666666667 0.9583333333333334
4.75 0.9583333333333334
4.833333333333333 0.9583333333333334
4.916666666666667 0.9583333333333334
5 0.9583333333333334
1 1
1.0833333333333333 1
1.1666666666666667 1
1.25 1
1.3333333333333333 1
1.4166666666666667 1
1.5 1
1.5833333333333333 1
1.6666666666666667 1
1.75 1
1.8333333333333333 1
1.9166666666666667 1
2 1
2.0833333333333335 1
2.1666666666666665 1
2.25 1
2.3333333333333335 1
2.4166666666666665 1
2.5 1
2.5833333333333335 1
2.6666666666666665 1
2.75 1
2.8333333333333335 1
2.9166666666666665 1
3 1
3.0833333333333335 1
3.1666666666666665 1
3.25 1
3.3333333333333335 1
3.4166666666666665 1
3.5 1
3.5833333333333335 1
3.6666666666666665 1
3.75 1
3.8333333333333335 1
3.9166666666666665 1
4 1
4.083333333333333 1
4.166666666666667 1
4.25 1
4.333333333333333 1
4.416666666666667 1
4.5 1
4.583333333333333 1
4.666666666666667 1
4.75 1
4.833333333333333 1
4.916666666666667 1
5 1
