1 0
1.25 0
1.5 0
1.75 0
2 0
2.25 0
2.5 0
2.75 0
3 0
3.25 0
3.5 0
3.75 0
4 0
4.25 0
4.5 0
4.75 0
5 0
1 0.125
1.25 0.125
1.5 0.125
1.75 0.125
2 0.125
2.25 0.125
2.5 0.125
2.75 0.125
3 0.125
3.25 0.125
3.5 0.125
3.75 0.125
4 0.125
4.25 0.125
4.5 0.125
4.75 0.125
5 0.125
1 0.25
1.25 0.25
1.5 0.25
1.75 0.25
2 0.25
2.25 0.25
2.5 0.25
2.75 0.25
3 0.25
3.25 0.25
3.5 0.25
3.75 0.25
4 0.25
4.25 0.25
4.5 0.25
4.75 0.25
5 0.25
1 0.375
1.25 0.375
1.5 0.375
1.75 0.375
2 0.375
2.25 0.375
2.5 0.375
2.75 0.375
3 0.375
3.25 0.375
3.5 0.375
3.75 0.375
4 0.375
4.25 0.375
4.5 0.375
4.75 0.375
5 0.375
1 0.5
1.25 0.5
1.5 0.5
1.75 0.5
2 0.5
2.25 0.5
2.5 0.5
2.75 0.5
3 0.5
3.25 0.5
3.5 0.5
3.75 0.5
4 0.5
4.25 0.5
4.5 0.5
4.75 0.5
5 0.5
1 0.625
1.25 0.625
1.5 0.625
1.75 0.625
2 0.625
2.25 0.625
2.5 0.625
2.75 0.625
3 0.625
3.25 0.625
3.5 0.625
3.75 0.625
4 0.625
4.25 0.625
4.5 0.625
4.75 0.625
5 0.625
1 0.75
1.25 0.75
1.5 0.75
1.75 0.75
2 0.75
2.25 0.75
2.5 0.75
2.75 0.75
3 0.75
3.25 0.75
3.5 0.75
3.75 0.75
4 0.75
4.25 0.75
4.5 0.75
4.75 0.75
5 0.75
1 0.875
1.25 0.875
1.5 0.875
1.75 0.875
2 0.875
2.25 0.875
2.5 0.875
2.75 0.875
3 0.875
3.25 0.875
3.5 0.875
3.75 0.875
4 0.875
4.25 0.875
4.5 0.875
4.75 0.875
5 0.875
1 1
1.25 1
1.5 1
1.75 1
2 1
2.25 1
2.5 1
2.75 1
3 1
3.25 1
3.5 1
3.75 1
4 1
4.25 1
4.5 1
4.75 1
5 1
